6.768356194999999983e-04 1.904663180863001415e+01 5.452255162833744606e+01
1.676835619500000128e-03 2.636737661919175935e+01 9.942605428925345734e+01
2.676835619500000148e-03 3.039077453356023284e+01 1.195245906438713774e+02
3.676835619500000169e-03 3.383916736126144542e+01 1.325614101348930660e+02
4.676835619499999756e-03 3.683185297485666609e+01 1.425541194870528159e+02
5.676835619499999777e-03 3.985794612849092289e+01 1.508898560065225070e+02
6.676835619499999798e-03 4.275636563453389272e+01 1.579706310603436634e+02
7.676835619499999819e-03 4.575503295126991077e+01 1.645880538278865686e+02
8.676835619500000707e-03 4.878951198247035848e+01 1.707539506202168695e+02
9.676835619500001595e-03 5.188857551536607815e+01 1.766604692376680532e+02
1.067683561950000075e-02 5.512834118108131065e+01 1.824969365938860051e+02
1.167683561949999990e-02 5.846493472823424753e+01 1.882451121003947208e+02
1.267683561950000079e-02 6.194593862609315948e+01 1.941122510512864210e+02
1.367683561950000168e-02 6.560095075546713872e+01 2.000735700514982796e+02
1.467683561950000083e-02 6.944719518562554583e+01 2.062549115781195894e+02
1.567683561949999999e-02 7.347184132157181580e+01 2.127166503445276646e+02
1.667683561950000087e-02 7.772896268743214421e+01 2.195105836131396586e+02
1.767683561950000176e-02 8.225144470060659785e+01 2.267675559005105015e+02
1.867683561950000265e-02 8.712654711247978412e+01 2.346374202723942233e+02
1.967683561950000007e-02 9.244477693126403040e+01 2.432248576851647499e+02
2.067683561950000096e-02 9.810874946749085268e+01 2.526599019318459796e+02
2.167683561950000184e-02 1.044224583055468827e+02 2.631983565643690213e+02
