6.768356194999999983e-04 5.675074010480206654e-01
1.676835619500000128e-03 7.031505099060095798e-01
2.676835619500000148e-03 7.632305919528429294e-01
3.676835619500000169e-03 7.957938839626064187e-01
4.676835619499999756e-03 8.153832170943297042e-01
5.676835619499999777e-03 8.277566997896025347e-01
6.676835619499999798e-03 8.358180411776598984e-01
7.676835619499999819e-03 8.408402345938189582e-01
8.676835619500000707e-03 8.437644582520611447e-01
9.676835619500001595e-03 8.447856157113299291e-01
1.067683561950000075e-02 8.447217750213563692e-01
1.167683561949999990e-02 8.435500295526353609e-01
1.267683561950000079e-02 8.411134193553518879e-01
1.367683561950000168e-02 8.380069681680427651e-01
1.467683561950000083e-02 8.340297976553305848e-01
1.567683561949999999e-02 8.296334249345581613e-01
1.667683561950000087e-02 8.244027881572830729e-01
1.767683561950000176e-02 8.184533871833687968e-01
1.867683561950000265e-02 8.119751649920148306e-01
1.967683561950000007e-02 8.050533751392600079e-01
2.067683561950000096e-02 7.977268615203535473e-01
2.167683561950000184e-02 7.904129253894851548e-01
2.267683561949999926e-02 7.824711369547401318e-01
2.367683561950000015e-02 7.741088281131484061e-01
2.467683561950000104e-02 7.660114519421006296e-01
2.567683561950000193e-02 7.577708191077762168e-01
2.667683561950000282e-02 7.496827108892947233e-01
2.767683561950000024e-02 7.412608374971559888e-01
2.867683561950000112e-02 7.331291165683909705e-01
2.967683561950000201e-02 7.251486051343704053e-01
3.067683561949999943e-02 7.176651344534406007e-01
3.167683561950000032e-02 7.101987813436860808e-01
3.267683561950000121e-02 7.024827378585615234e-01
3.367683561950000209e-02 6.952042543507843675e-01
