6.768356194999999983e-04 3.334079478161258692e+01 7.680743374745864571e+01
1.676835619500000128e-03 1.385953994451782023e+02 4.509687857892434408e+02
2.676835619500000148e-03 2.883142855505667512e+02 1.103061248963447042e+03
3.676835619500000169e-03 4.737106927650302168e+02 1.994701114748850159e+03
4.676835619499999756e-03 6.944314343223217065e+02 3.091111241429044185e+03
5.676835619499999777e-03 9.477073659827583469e+02 4.360754509226331720e+03
6.676835619499999798e-03 1.233925908463008682e+03 5.774899736643954384e+03
7.676835619499999819e-03 1.556280265345525095e+03 7.307103649471592689e+03
8.676835619500000707e-03 1.911517688106188416e+03 8.933056169350726123e+03
9.676835619500001595e-03 2.297952706811520784e+03 1.063063074162174416e+04
1.067683561950000075e-02 2.728300909633497668e+03 1.237928090224993866e+04
1.167683561949999990e-02 3.200982935643296514e+03 1.416048997471834082e+04
1.267683561950000079e-02 3.706466064291631483e+03 1.595783652194977913e+04
1.367683561950000168e-02 4.250931144160244003e+03 1.775681925020518975e+04
1.467683561950000083e-02 4.843004052184474858e+03 1.954501621847242495e+04
1.567683561949999999e-02 5.482172580711789124e+03 2.131272580167151682e+04
1.667683561950000087e-02 6.137537173348904616e+03 2.305247985538808280e+04
1.767683561950000176e-02 6.859633750136485105e+03 2.475816292561768933e+04
1.867683561950000265e-02 7.623669391390872079e+03 2.642565616133702861e+04
1.967683561950000007e-02 8.428803396396484459e+03 2.805534790479174262e+04
2.067683561950000096e-02 9.251158177051249368e+03 2.964905575729241536e+04
2.167683561950000184e-02 1.013895108366399836e+04 3.120883255172734061e+04
2.267683561949999926e-02 1.111572454985661898e+04 3.273692850339085635e+04
2.367683561950000015e-02 1.204881669313394377e+04 3.423840288513838459e+04
2.467683561950000104e-02 1.297748483052374650e+04 3.572159236438899825e+04
2.567683561950000193e-02 1.402590240096002708e+04 3.719450760543956858e+04
2.667683561950000282e-02 1.513744679534345232e+04 3.866459155551216827e+04
2.767683561950000024e-02 1.624955509145279393e+04 4.013875363955607463e+04
2.867683561950000112e-02 1.741398224839599789e+04 4.162343681536928489e+04
2.967683561950000201e-02 1.863589913203896867e+04 4.312472632520768093e+04
3.067683561949999943e-02 1.997442833977283226e+04 4.464833702911189175e+04
3.167683561950000032e-02 2.135452214222642579e+04 4.619964550289306499e+04
3.267683561950000121e-02 2.263914414968822894e+04 4.778365351456192730e+04
3.367683561950000209e-02 2.408871099433130439e+04 4.940278735651498573e+04
