0.000000000000000000e+00 0.000000000000000000e+00
1.000000000000000021e-03 1.923290578959463915e+01
2.000000000000000042e-03 7.538712735619755279e+01
3.000000000000000062e-03 1.655068665759512214e+02
4.000000000000000083e-03 2.865056649960069990e+02
5.000000000000000104e-03 4.354577097944368234e+02
6.000000000000000125e-03 6.096343788381292370e+02
7.000000000000000146e-03 8.064782864232454358e+02
8.000000000000000167e-03 1.023588185638361438e+03
9.000000000000001055e-03 1.258711378247178573e+03
1.000000000000000021e-02 1.509700267653900710e+03
1.099999999999999936e-02 1.774535695513661267e+03
1.200000000000000025e-02 2.051296386154196171e+03
1.300000000000000114e-02 2.338163521927419424e+03
1.400000000000000029e-02 2.633449936675723166e+03
1.499999999999999944e-02 2.935511705346652434e+03
1.600000000000000033e-02 3.242807155266130849e+03
1.700000000000000122e-02 3.553923977148081121e+03
1.800000000000000211e-02 3.867547425325418317e+03
1.899999999999999953e-02 4.182454788910591560e+03
2.000000000000000042e-02 4.497534609800100952e+03
2.100000000000000130e-02 4.811781663779132941e+03
2.199999999999999872e-02 5.124327414428620614e+03
2.299999999999999961e-02 5.434468690615413834e+03
2.400000000000000050e-02 5.741592500887313690e+03
2.500000000000000139e-02 6.045159485949063310e+03
2.600000000000000228e-02 6.344696994830145741e+03
2.699999999999999969e-02 6.639839025851498263e+03
2.800000000000000058e-02 6.930547631371790885e+03
2.900000000000000147e-02 7.216919016208826179e+03
2.999999999999999889e-02 7.499070330173945877e+03
3.099999999999999978e-02 7.777133890121332115e+03
3.200000000000000067e-02 8.051252714983903388e+03
3.300000000000000155e-02 8.321577111492444601e+03
3.400000000000000244e-02 8.588386136012106363e+03
3.500000000000000333e-02 8.852303757408279125e+03
3.600000000000000422e-02 9.113989473737432490e+03
3.699999999999999817e-02 9.374073185983750591e+03
3.799999999999999906e-02 9.633155299024894703e+03
3.899999999999999994e-02 9.891807462035265416e+03
4.000000000000000083e-02 1.015057375072176364e+04
4.100000000000000172e-02 1.040997215620574025e+04
4.200000000000000261e-02 1.067050176272241879e+04
4.300000000000000350e-02 1.093265252822083312e+04
4.399999999999999745e-02 1.119689480546299092e+04
4.499999999999999833e-02 1.146367900018493674e+04
4.599999999999999922e-02 1.173343741566286553e+04
4.700000000000000011e-02 1.200658604054917669e+04
4.800000000000000100e-02 1.228352022955647590e+04
4.900000000000000189e-02 1.256443666127096003e+04
5.000000000000000278e-02 1.284931099272610300e+04
5.100000000000000366e-02 1.313810875475524699e+04
5.200000000000000455e-02 1.343079765683310870e+04
5.299999999999999850e-02 1.372733605480621554e+04
5.399999999999999939e-02 1.402749464349569280e+04
5.500000000000000028e-02 1.433089373481806615e+04
5.600000000000000117e-02 1.463715865990987731e+04
5.700000000000000205e-02 1.494591576259789326e+04
5.800000000000000294e-02 1.525665617257859776e+04
5.900000000000000383e-02 1.556875851077988409e+04
5.999999999999999778e-02 1.588161078693186028e+04
6.099999999999999867e-02 1.619458965090689526e+04
6.199999999999999956e-02 1.650697891264964710e+04
6.300000000000000044e-02 1.681804953777500486e+04
6.400000000000000133e-02 1.712708689497064552e+04
6.500000000000000222e-02 1.743336014965134746e+04
6.600000000000000311e-02 1.773613352950005719e+04
6.700000000000000400e-02 1.803469154078364954e+04
6.800000000000000488e-02 1.832835387865262601e+04
6.900000000000000577e-02 1.861647884395845904e+04
7.000000000000000666e-02 1.889844884173248647e+04
7.100000000000000755e-02 1.917370781202889339e+04
7.200000000000000844e-02 1.944178547385572529e+04
7.299999999999999545e-02 1.970224004255397449e+04
7.399999999999999634e-02 1.995470515107970641e+04
7.499999999999999722e-02 2.019894253764285168e+04
7.599999999999999811e-02 2.043474522082499243e+04
7.699999999999999900e-02 2.066198260190049405e+04
7.799999999999999989e-02 2.088068075230686736e+04
7.900000000000000078e-02 2.109089658010015046e+04
8.000000000000000167e-02 2.129275196120203327e+04
8.100000000000000255e-02 2.148653978780791294e+04
8.200000000000000344e-02 2.167258153274312644e+04
8.300000000000000433e-02 2.185124116819900155e+04
8.400000000000000522e-02 2.202305329230818097e+04
8.500000000000000611e-02 2.218858053070255119e+04
8.600000000000000699e-02 2.234839679861811601e+04
8.700000000000000788e-02 2.250321543098229449e+04
8.799999999999999489e-02 2.265377942753689422e+04
8.899999999999999578e-02 2.280081586690037147e+04
8.999999999999999667e-02 2.294513907924721934e+04
9.099999999999999756e-02 2.308759647795573983e+04
9.199999999999999845e-02 2.322900422137221904e+04
9.299999999999999933e-02 2.337019306563292412e+04
9.400000000000000022e-02 2.351200976951982375e+04
9.500000000000000111e-02 2.365526999449646974e+04
9.600000000000000200e-02 2.380075290906785813e+04
9.700000000000000289e-02 2.394919700778050901e+04
9.800000000000000377e-02 2.410131272670631733e+04
9.900000000000000466e-02 2.425777336894254404e+04
1.000000000000000056e-01 2.441914125393506038e+04
1.010000000000000064e-01 2.458592474583525473e+04
1.020000000000000073e-01 2.475861665075733254e+04
1.030000000000000082e-01 2.493759487219965740e+04
1.040000000000000091e-01 2.512308656063851231e+04
1.049999999999999961e-01 2.531530656951141646e+04
1.059999999999999970e-01 2.551443648518692498e+04
1.069999999999999979e-01 2.572044511487989075e+04
1.079999999999999988e-01 2.593322138767752767e+04
1.089999999999999997e-01 2.615266108882429398e+04
1.100000000000000006e-01 2.637856795569367750e+04
1.110000000000000014e-01 2.661053817866990357e+04
1.120000000000000023e-01 2.684815116913241945e+04
1.130000000000000032e-01 2.709099196811205547e+04
1.140000000000000041e-01 2.733851836104863105e+04
1.150000000000000050e-01 2.759005401451738726e+04
1.160000000000000059e-01 2.784492780623455837e+04
1.170000000000000068e-01 2.810247131696003271e+04
1.180000000000000077e-01 2.836191797518362728e+04
1.190000000000000085e-01 2.862243749280669363e+04
1.199999999999999956e-01 2.888320982113122591e+04
1.209999999999999964e-01 2.914342371276064659e+04
1.219999999999999973e-01 2.940225137561299925e+04
1.229999999999999982e-01 2.965886002560926136e+04
1.239999999999999991e-01 2.991242906921224494e+04
1.250000000000000000e-01 3.016215446075695945e+04
1.260000000000000009e-01 3.040729526100869043e+04
1.270000000000000018e-01 3.064716009295691038e+04
1.280000000000000027e-01 3.088107224799528194e+04
1.290000000000000036e-01 3.110837269969527188e+04
1.300000000000000044e-01 3.132851647857641728e+04
1.310000000000000053e-01 3.154109221941025680e+04
1.320000000000000062e-01 3.174570888251174256e+04
1.330000000000000071e-01 3.194198912655774620e+04
1.340000000000000080e-01 3.212963919183990220e+04
1.350000000000000089e-01 3.230858356466966143e+04
1.360000000000000098e-01 3.247879319872029009e+04
1.370000000000000107e-01 3.264024683113015635e+04
1.380000000000000115e-01 3.279294635374240897e+04
1.390000000000000124e-01 3.293710134717045730e+04
1.400000000000000133e-01 3.307306236062711832e+04
1.410000000000000142e-01 3.320118001981386624e+04
1.420000000000000151e-01 3.332180144255447522e+04
1.430000000000000160e-01 3.343533090464321867e+04
1.440000000000000169e-01 3.354238935228629271e+04
1.449999999999999900e-01 3.364363498021210398e+04
1.459999999999999909e-01 3.373971038649444381e+04
1.469999999999999918e-01 3.383124295645413076e+04
1.479999999999999927e-01 3.391892407181576709e+04
1.489999999999999936e-01 3.400357202706568933e+04
1.499999999999999944e-01 3.408599717072644853e+04
1.509999999999999953e-01 3.416698620733137068e+04
1.519999999999999962e-01 3.424730313039278553e+04
1.529999999999999971e-01 3.432771527597750537e+04
1.539999999999999980e-01 3.440900463078164466e+04
1.549999999999999989e-01 3.449193314021347032e+04
1.559999999999999998e-01 3.457724077673671127e+04
1.570000000000000007e-01 3.466564609684827883e+04
1.580000000000000016e-01 3.475779426462853735e+04
1.590000000000000024e-01 3.485421906574999593e+04
1.600000000000000033e-01 3.495543170001276303e+04
1.610000000000000042e-01 3.506193176177545683e+04
1.620000000000000051e-01 3.517420835069097666e+04
1.630000000000000060e-01 3.529267478338085493e+04
1.640000000000000069e-01 3.541750428776463377e+04
1.650000000000000078e-01 3.554881815964192356e+04
1.660000000000000087e-01 3.568673843845514057e+04
1.670000000000000095e-01 3.583138814526964416e+04
1.680000000000000104e-01 3.598287307036061247e+04
1.690000000000000113e-01 3.614105082659923937e+04
1.700000000000000122e-01 3.630560558080927149e+04
1.710000000000000131e-01 3.647622635115755838e+04
1.720000000000000140e-01 3.665261031094911596e+04
1.730000000000000149e-01 3.683446211322407180e+04
1.740000000000000158e-01 3.702144116753394337e+04
1.750000000000000167e-01 3.721302210234147060e+04
1.759999999999999898e-01 3.740864438142442668e+04
1.769999999999999907e-01 3.760775621551351651e+04
1.779999999999999916e-01 3.780981384336738847e+04
1.789999999999999925e-01 3.801428045488550561e+04
1.799999999999999933e-01 3.822056488215945137e+04
1.809999999999999942e-01 3.842796187791972625e+04
1.819999999999999951e-01 3.863576019846539566e+04
1.829999999999999960e-01 3.884325677539347089e+04
1.839999999999999969e-01 3.904975658458325051e+04
1.849999999999999978e-01 3.925457276587838714e+04
1.859999999999999987e-01 3.945703972421739309e+04
1.869999999999999996e-01 3.965652450768872222e+04
1.880000000000000004e-01 3.985240505153261620e+04
1.890000000000000013e-01 4.004406785041848343e+04
1.900000000000000022e-01 4.023090840394591214e+04
1.910000000000000031e-01 4.041233176732867287e+04
1.920000000000000040e-01 4.058783173008031008e+04
1.930000000000000049e-01 4.075715400377290644e+04
1.940000000000000058e-01 4.092009728648349119e+04
1.950000000000000067e-01 4.107646624871581298e+04
1.960000000000000075e-01 4.122607171935190127e+04
1.970000000000000084e-01 4.136873086685439921e+04
1.980000000000000093e-01 4.150429096899244178e+04
1.990000000000000102e-01 4.163284636867723748e+04
2.000000000000000111e-01 4.175463400793031906e+04
2.010000000000000120e-01 4.186989171777250158e+04
2.020000000000000129e-01 4.197885608075711934e+04
2.030000000000000138e-01 4.208176213153689605e+04
2.040000000000000147e-01 4.217884314205128612e+04
2.050000000000000155e-01 4.227040162479913124e+04
2.060000000000000164e-01 4.235694454557387508e+04
2.070000000000000173e-01 4.243900818120675831e+04
2.080000000000000182e-01 4.251711916423741059e+04
2.089999999999999913e-01 4.259179422382993653e+04
2.099999999999999922e-01 4.266354000318375620e+04
2.109999999999999931e-01 4.273285333554931276e+04
2.119999999999999940e-01 4.280025441542419867e+04
2.129999999999999949e-01 4.286631136760943627e+04
2.139999999999999958e-01 4.293158608744498633e+04
2.149999999999999967e-01 4.299662831244455447e+04
2.159999999999999976e-01 4.306197585979296127e+04
2.169999999999999984e-01 4.312815492534245277e+04
2.179999999999999993e-01 4.319568018182260857e+04
2.190000000000000002e-01 4.326502088801526406e+04
2.200000000000000011e-01 4.333656778887484688e+04
2.210000000000000020e-01 4.341069563563857810e+04
2.220000000000000029e-01 4.348777191306983150e+04
2.230000000000000038e-01 4.356815725176700653e+04
2.240000000000000047e-01 4.365220585611709976e+04
2.250000000000000056e-01 4.374026594613405177e+04
2.260000000000000064e-01 4.383263677542516962e+04
2.270000000000000073e-01 4.392941612101562350e+04
2.280000000000000082e-01 4.403064532489234261e+04
2.290000000000000091e-01 4.413636627393844537e+04
2.300000000000000100e-01 4.424662144892525248e+04
2.310000000000000109e-01 4.436145396843165508e+04
2.320000000000000118e-01 4.448090763189154677e+04
2.330000000000000127e-01 4.460502194148896524e+04
2.340000000000000135e-01 4.473367288026303868e+04
2.350000000000000144e-01 4.486654268158449850e+04
2.360000000000000153e-01 4.500330751370493817e+04
2.370000000000000162e-01 4.514364888353280548e+04
2.380000000000000171e-01 4.528725328007264034e+04
2.390000000000000180e-01 4.543381185195314902e+04
2.399999999999999911e-01 4.558302011701679294e+04
2.409999999999999920e-01 4.573456904628493794e+04
2.419999999999999929e-01 4.588804681938505382e+04
2.429999999999999938e-01 4.604297472316931089e+04
2.439999999999999947e-01 4.619887823764067434e+04
2.449999999999999956e-01 4.635528818443493219e+04
2.459999999999999964e-01 4.651174056880795979e+04
2.469999999999999973e-01 4.666777647233244352e+04
2.479999999999999982e-01 4.682294199332579592e+04
2.489999999999999991e-01 4.697679256529523991e+04
2.500000000000000000e-01 4.712895141460657032e+04
2.510000000000000009e-01 4.727909340031408647e+04
2.520000000000000018e-01 4.742689842295907874e+04
2.530000000000000027e-01 4.757205033639039902e+04
2.540000000000000036e-01 4.771423705067580158e+04
2.550000000000000044e-01 4.785315065075306484e+04
2.560000000000000053e-01 4.798848752962254366e+04
2.570000000000000062e-01 4.811994966734846821e+04
2.580000000000000071e-01 4.824733672055492207e+04
2.590000000000000080e-01 4.837061248882042128e+04
2.600000000000000089e-01 4.848975822797738510e+04
2.610000000000000098e-01 4.860475651319475583e+04
2.620000000000000107e-01 4.871559123614172131e+04
2.630000000000000115e-01 4.882224760151631926e+04
2.640000000000000124e-01 4.892471212294706493e+04
2.650000000000000133e-01 4.902297261827888724e+04
2.660000000000000142e-01 4.911703459298467351e+04
2.670000000000000151e-01 4.920707716168748448e+04
2.680000000000000160e-01 4.929338106312627497e+04
2.690000000000000169e-01 4.937622508260659379e+04
2.700000000000000178e-01 4.945588449670254340e+04
2.710000000000000187e-01 4.953263096230474912e+04
2.720000000000000195e-01 4.960673242470686819e+04
2.730000000000000204e-01 4.967845304374207626e+04
2.740000000000000213e-01 4.974805313700026454e+04
2.750000000000000222e-01 4.981580104822159046e+04
2.760000000000000231e-01 4.988204915394033742e+04
2.770000000000000240e-01 4.994718379245189863e+04
2.780000000000000249e-01 5.001158528765200026e+04
2.790000000000000258e-01 5.007562780468069832e+04
2.800000000000000266e-01 5.013967942615324137e+04
2.810000000000000275e-01 5.020410225422500662e+04
2.820000000000000284e-01 5.026925253674569831e+04
2.830000000000000293e-01 5.033548081584822648e+04
2.840000000000000302e-01 5.040312564350168395e+04
2.850000000000000311e-01 5.047242172354669310e+04
2.860000000000000320e-01 5.054352337282375083e+04
2.870000000000000329e-01 5.061658064853968244e+04
2.880000000000000338e-01 5.069174152040336048e+04
2.889999999999999791e-01 5.076915196997665771e+04
2.899999999999999800e-01 5.084895609154900740e+04
2.909999999999999809e-01 5.093129619437349174e+04
2.919999999999999818e-01 5.101631290611625445e+04
2.929999999999999827e-01 5.110414526484697126e+04
2.939999999999999836e-01 5.119487560586915788e+04
2.949999999999999845e-01 5.128840420367471961e+04
2.959999999999999853e-01 5.138459587408971129e+04
2.969999999999999862e-01 5.148331756167286949e+04
2.979999999999999871e-01 5.158443824115395546e+04
2.989999999999999880e-01 5.168782882489621988e+04
2.999999999999999889e-01 5.179336207609531994e+04
3.009999999999999898e-01 5.190091252744186204e+04
3.019999999999999907e-01 5.201035640498932480e+04
3.029999999999999916e-01 5.212157138410570769e+04
3.039999999999999925e-01 5.223439763431576284e+04
3.049999999999999933e-01 5.234858906694730103e+04
3.059999999999999942e-01 5.246389030202264985e+04
3.069999999999999951e-01 5.258004879725915816e+04
3.079999999999999960e-01 5.269681475985138968e+04
3.089999999999999969e-01 5.281394107222864841e+04
3.099999999999999978e-01 5.293118323110922211e+04
3.109999999999999987e-01 5.304829929920326686e+04
3.119999999999999996e-01 5.316504986894477770e+04
3.130000000000000004e-01 5.328119803765835968e+04
3.140000000000000013e-01 5.339651823691777827e+04
3.150000000000000022e-01 5.351082647808115871e+04
3.160000000000000031e-01 5.362395160687596945e+04
3.170000000000000040e-01 5.373572434799651091e+04
3.180000000000000049e-01 5.384597731814470171e+04
3.190000000000000058e-01 5.395454504402779276e+04
3.200000000000000067e-01 5.406126398463126679e+04
3.210000000000000075e-01 5.416597255751313060e+04
3.220000000000000084e-01 5.426851116887304670e+04
3.230000000000000093e-01 5.436872224715483753e+04
3.240000000000000102e-01 5.446645203020701592e+04
3.250000000000000111e-01 5.456163935620497068e+04
3.260000000000000120e-01 5.465435644698575197e+04
3.270000000000000129e-01 5.474468555263424787e+04
3.280000000000000138e-01 5.483270829465075076e+04
3.290000000000000147e-01 5.491850564243763802e+04
3.300000000000000155e-01 5.500215789163265435e+04
3.310000000000000164e-01 5.508374464422585152e+04
3.320000000000000173e-01 5.516334479039558937e+04
3.330000000000000182e-01 5.524103649200359359e+04
3.340000000000000191e-01 5.531689716768715152e+04
3.350000000000000200e-01 5.539100420948516694e+04
3.360000000000000209e-01 5.546347631566415657e+04
3.370000000000000218e-01 5.553449499554276554e+04
3.380000000000000226e-01 5.560424500122481550e+04
3.390000000000000235e-01 5.567290885115978745e+04
3.400000000000000244e-01 5.574066682629764546e+04
3.410000000000000253e-01 5.580769697246416763e+04
3.420000000000000262e-01 5.587417510864717042e+04
3.430000000000000271e-01 5.594027484089020436e+04
3.440000000000000280e-01 5.600616758150285023e+04
3.450000000000000289e-01 5.607202257330621796e+04
3.460000000000000298e-01 5.613800691864218243e+04
3.470000000000000306e-01 5.620427943325261003e+04
3.480000000000000315e-01 5.627096261470919126e+04
3.490000000000000324e-01 5.633816558700643509e+04
3.500000000000000333e-01 5.640599611704562267e+04
3.510000000000000342e-01 5.647456065724774089e+04
3.519999999999999796e-01 5.654396437793754012e+04
3.529999999999999805e-01 5.661431120102034765e+04
3.539999999999999813e-01 5.668570383486845822e+04
3.549999999999999822e-01 5.675824381033683312e+04
3.559999999999999831e-01 5.683203151783335488e+04
3.569999999999999840e-01 5.690716624537306052e+04
3.579999999999999849e-01 5.698374621754811960e+04
3.589999999999999858e-01 5.706183914720851317e+04
3.599999999999999867e-01 5.714138643025956844e+04
3.609999999999999876e-01 5.722229674634095863e+04
3.619999999999999885e-01 5.730447986582328303e+04
3.629999999999999893e-01 5.738784661520455847e+04
3.639999999999999902e-01 5.747230884430510923e+04
3.649999999999999911e-01 5.755777939551160671e+04
3.659999999999999920e-01 5.764417207498905918e+04
3.669999999999999929e-01 5.773140162578192394e+04
3.679999999999999938e-01 5.781938370272985776e+04
3.689999999999999947e-01 5.790803484912537533e+04
3.699999999999999956e-01 5.799727247504497791e+04
3.709999999999999964e-01 5.808701359013703768e+04
3.719999999999999973e-01 5.817715458393190056e+04
3.729999999999999982e-01 5.826757481745920086e+04
3.739999999999999991e-01 5.835815428132362285e+04
3.750000000000000000e-01 5.844877414637599577e+04
3.760000000000000009e-01 5.853931674667090556e+04
3.770000000000000018e-01 5.862966556507318455e+04
3.780000000000000027e-01 5.871970522140331741e+04
3.790000000000000036e-01 5.880932146301248576e+04
3.800000000000000044e-01 5.889840115768487885e+04
3.810000000000000053e-01 5.898683228876491194e+04
3.820000000000000062e-01 5.907450395241269143e+04
3.830000000000000071e-01 5.916130635689174233e+04
3.840000000000000080e-01 5.924713459884285112e+04
3.850000000000000089e-01 5.933193930936204561e+04
3.860000000000000098e-01 5.941571253407951008e+04
3.870000000000000107e-01 5.949844745177590084e+04
3.880000000000000115e-01 5.958013736855490424e+04
3.890000000000000124e-01 5.966077571767907648e+04
3.900000000000000133e-01 5.974035605939908419e+04
3.910000000000000142e-01 5.981887208077393734e+04
3.920000000000000151e-01 5.989631759548331320e+04
3.930000000000000160e-01 5.997268654363186215e+04
3.940000000000000169e-01 6.004797299154470966e+04
3.950000000000000178e-01 6.012217113155448897e+04
3.960000000000000187e-01 6.019527528178009379e+04
3.970000000000000195e-01 6.026727988911038119e+04
3.980000000000000204e-01 6.033819831260288629e+04
3.990000000000000213e-01 6.040810672742013412e+04
4.000000000000000222e-01 6.047709372248678847e+04
4.010000000000000231e-01 6.054524701642242144e+04
4.020000000000000240e-01 6.061265345615607657e+04
4.030000000000000249e-01 6.067939901689418184e+04
4.040000000000000258e-01 6.074556880338693736e+04
4.050000000000000266e-01 6.081124705243817880e+04
4.060000000000000275e-01 6.087651713660624955e+04
4.070000000000000284e-01 6.094146156904442614e+04
4.080000000000000293e-01 6.100616200943120930e+04
4.090000000000000302e-01 6.107069927094132436e+04
4.100000000000000311e-01 6.113515332821155607e+04
4.110000000000000320e-01 6.119960332625506999e+04
4.120000000000000329e-01 6.126412298326571909e+04
4.130000000000000338e-01 6.132875675432310527e+04
4.140000000000000346e-01 6.139353775220076204e+04
4.150000000000000355e-01 6.145849872817643336e+04
4.160000000000000364e-01 6.152367209936380095e+04
4.169999999999999818e-01 6.158908995388495532e+04
4.179999999999999827e-01 6.165478405612837378e+04
4.189999999999999836e-01 6.172078585208510776e+04
4.199999999999999845e-01 6.178712647475936683e+04
4.209999999999999853e-01 6.185383674964709644e+04
4.219999999999999862e-01 6.192094720027798758e+04
4.229999999999999871e-01 6.198848805381596321e+04
4.239999999999999880e-01 6.205648924671368150e+04
4.249999999999999889e-01 6.212498043041636265e+04
4.259999999999999898e-01 6.219399097711138165e+04
4.269999999999999907e-01 6.226354063234816567e+04
4.279999999999999916e-01 6.233360256061657856e+04
4.289999999999999925e-01 6.240413582878993475e+04
4.299999999999999933e-01 6.247509989473462338e+04
4.309999999999999942e-01 6.254645460429567902e+04
4.319999999999999951e-01 6.261816018421475746e+04
4.329999999999999960e-01 6.269017723541691521e+04
4.339999999999999969e-01 6.276246672665450023e+04
4.349999999999999978e-01 6.283498998849573400e+04
4.359999999999999987e-01 6.290770870764638676e+04
4.369999999999999996e-01 6.298058492159385787e+04
4.380000000000000004e-01 6.305358101356223779e+04
4.390000000000000013e-01 6.312665970776824543e+04
4.400000000000000022e-01 6.319978406496776734e+04
4.410000000000000031e-01 6.327291747828273219e+04
4.420000000000000040e-01 6.334602366512476146e+04
4.430000000000000049e-01 6.341906564014783362e+04
4.440000000000000058e-01 6.349200438578019384e+04
4.450000000000000067e-01 6.356480090198049584e+04
4.460000000000000075e-01 6.363741653700855386e+04
4.470000000000000084e-01 6.370981298452577903e+04
4.480000000000000093e-01 6.378195228095846687e+04
4.490000000000000102e-01 6.385379680311352422e+04
4.500000000000000111e-01 6.392530926603934495e+04
4.510000000000000120e-01 6.399645272112072416e+04
4.520000000000000129e-01 6.406719055440114607e+04
4.530000000000000138e-01 6.413748648512218642e+04
4.540000000000000147e-01 6.420730456447275355e+04
4.550000000000000155e-01 6.427660917454029550e+04
4.560000000000000164e-01 6.434536502745516191e+04
4.570000000000000173e-01 6.441353716472148517e+04
4.580000000000000182e-01 6.448109095672643161e+04
4.590000000000000191e-01 6.454799379919454805e+04
4.600000000000000200e-01 6.461424709787753090e+04
4.610000000000000209e-01 6.467988321875219845e+04
4.620000000000000218e-01 6.474493541139621811e+04
4.630000000000000226e-01 6.480943664760980755e+04
4.640000000000000235e-01 6.487341962165468431e+04
4.650000000000000244e-01 6.493691675067268079e+04
4.660000000000000253e-01 6.499996017527562799e+04
4.670000000000000262e-01 6.506258176030203322e+04
4.680000000000000271e-01 6.512481309573355247e+04
4.690000000000000280e-01 6.518668549776598229e+04
4.700000000000000289e-01 6.524823001002819365e+04
4.710000000000000298e-01 6.530947740494425670e+04
4.720000000000000306e-01 6.537045818523301568e+04
4.730000000000000315e-01 6.543120258553903841e+04
4.740000000000000324e-01 6.549174057419128076e+04
4.750000000000000333e-01 6.555210185508272843e+04
4.760000000000000342e-01 6.561231586966724717e+04
4.770000000000000351e-01 6.567241116875577427e+04
4.780000000000000360e-01 6.573241175787038810e+04
4.790000000000000369e-01 6.579233964114125411e+04
4.799999999999999822e-01 6.585221662252490933e+04
4.809999999999999831e-01 6.591206431371084182e+04
4.819999999999999840e-01 6.597190413604286732e+04
4.829999999999999849e-01 6.603175732248695567e+04
4.839999999999999858e-01 6.609164491964221816e+04
4.849999999999999867e-01 6.615158778979479393e+04
4.859999999999999876e-01 6.621160661301047367e+04
4.869999999999999885e-01 6.627172188926591480e+04
4.879999999999999893e-01 6.633195394061462139e+04
4.889999999999999902e-01 6.639232291338747018e+04
4.899999999999999911e-01 6.645284878042462515e+04
4.909999999999999920e-01 6.651355134333790920e+04
4.919999999999999929e-01 6.657445023480146483e+04
4.929999999999999938e-01 6.663556492086904473e+04
4.939999999999999947e-01 6.669691470331657911e+04
4.949999999999999956e-01 6.675851872200814250e+04
4.959999999999999964e-01 6.682038985393088660e+04
4.969999999999999973e-01 6.688250797172325838e+04
4.979999999999999982e-01 6.694484208324861538e+04
4.989999999999999991e-01 6.700736144705850165e+04
