5.000000000000000104e-03 4.312033586559510212e+01 1.191743609696409436e+02
6.000000000000000125e-03 4.456810335570019532e+01 1.257155068128746933e+02
7.000000000000000146e-03 4.587746423514604999e+01 1.313500227075801092e+02
8.000000000000000167e-03 4.710387365959996941e+01 1.363984076710410989e+02
9.000000000000001055e-03 4.826091718149499599e+01 1.409884461748010267e+02
1.000000000000000021e-02 4.939099271101515143e+01 1.452927571240720113e+02
1.099999999999999936e-02 5.048814939524742584e+01 1.493394180257877224e+02
1.200000000000000025e-02 5.157841611534657744e+01 1.532249129528974834e+02
1.300000000000000114e-02 5.266336079077283472e+01 1.569743984646203216e+02
1.400000000000000203e-02 5.374463846955696766e+01 1.606010347987894704e+02
1.499999999999999944e-02 5.483695205332393385e+01 1.641648954465512418e+02
1.600000000000000033e-02 5.595164111739876489e+01 1.677089677366543299e+02
1.700000000000000122e-02 5.709228145504925322e+01 1.712504283086957173e+02
1.800000000000000211e-02 5.827120605759490246e+01 1.748277149748215891e+02
1.899999999999999953e-02 5.947969749950978269e+01 1.784176249424311038e+02
2.000000000000000042e-02 6.072840857639288714e+01 1.820565462084841499e+02
2.100000000000000130e-02 6.203128265491356785e+01 1.857878274554720690e+02
2.200000000000000219e-02 6.339964084030142288e+01 1.896414844815418235e+02
2.300000000000000308e-02 6.481375191808523084e+01 1.935753823317443505e+02
2.400000000000000050e-02 6.631220165691567558e+01 1.976878871784217893e+02
2.500000000000000139e-02 6.788363563509848575e+01 2.019618089794714990e+02
2.600000000000000228e-02 6.954409252294584576e+01 2.064382242763735746e+02
2.699999999999999969e-02 7.130395950357818435e+01 2.111551521613495481e+02
2.800000000000000058e-02 7.317225664621145143e+01 2.161369723083979864e+02
2.900000000000000147e-02 7.516565285096389459e+01 2.214313034506609768e+02
3.000000000000000236e-02 7.729659361588046806e+01 2.270792645323488159e+02
3.100000000000000325e-02 7.958382674017904890e+01 2.331393760154649897e+02
3.200000000000000067e-02 8.204760417502984637e+01 2.396718480239667599e+02
3.300000000000000155e-02 8.470752316515036284e+01 2.467398974892591070e+02
