5.000000000000000104e-03 5.876842153647800160e+01 1.191743609696409436e+02
6.000000000000000125e-03 6.169792622221331868e+01 1.257155068128746933e+02
7.000000000000000146e-03 6.422668267977229561e+01 1.313500227075801092e+02
8.000000000000000167e-03 6.649550588588127198e+01 1.363984076710410989e+02
9.000000000000001055e-03 6.855977327084431749e+01 1.409884461748010267e+02
1.000000000000000021e-02 7.049788099339777148e+01 1.452927571240720113e+02
1.099999999999999936e-02 7.232113374645889792e+01 1.493394180257877224e+02
1.200000000000000025e-02 7.407361839151801064e+01 1.532249129528974834e+02
1.300000000000000114e-02 7.576641217668210970e+01 1.569743984646203216e+02
1.400000000000000203e-02 7.740565902900355866e+01 1.606010347987894704e+02
1.499999999999999944e-02 7.901839298644593157e+01 1.641648954465512418e+02
1.600000000000000033e-02 8.062399858328765845e+01 1.677089677366543299e+02
1.700000000000000122e-02 8.223025249863513864e+01 1.712504283086957173e+02
1.800000000000000211e-02 8.385464184254026065e+01 1.748277149748215891e+02
1.899999999999999953e-02 8.548691164157121136e+01 1.784176249424311038e+02
2.000000000000000042e-02 8.714353356803673023e+01 1.820565462084841499e+02
2.100000000000000130e-02 8.884410832363684563e+01 1.857878274554720690e+02
2.200000000000000219e-02 9.060332842057259484e+01 1.896414844815418235e+02
2.300000000000000308e-02 9.239952564380226363e+01 1.935753823317443505e+02
2.400000000000000050e-02 9.427992531933782061e+01 1.976878871784217893e+02
2.500000000000000139e-02 9.623535363796777631e+01 2.019618089794714990e+02
2.600000000000000228e-02 9.828680694355257685e+01 2.064382242763735746e+02
2.699999999999999969e-02 1.004493355166483184e+02 2.111551521613495481e+02
2.800000000000000058e-02 1.027350604650471553e+02 2.161369723083979864e+02
2.900000000000000147e-02 1.051657278234078774e+02 2.214313034506609768e+02
3.000000000000000236e-02 1.077602998684140658e+02 2.270792645323488159e+02
3.100000000000000325e-02 1.105455988179506051e+02 2.331393760154649897e+02
3.200000000000000067e-02 1.135493841263783850e+02 2.396718480239667599e+02
3.300000000000000155e-02 1.168009219464233439e+02 2.467398974892591070e+02
