5.000000000000000104e-03 9.590144782892670028e-01
6.000000000000000125e-03 9.635666986494808572e-01
7.000000000000000146e-03 9.668451686498132913e-01
8.000000000000000167e-03 9.693063171357260144e-01
9.000000000000001055e-03 9.712167369275163109e-01
1.000000000000000021e-02 9.727353567011972624e-01
1.099999999999999936e-02 9.739634823843434930e-01
1.200000000000000025e-02 9.749683122490991893e-01
1.300000000000000114e-02 9.757963253719785790e-01
1.400000000000000203e-02 9.764795878225298598e-01
1.499999999999999944e-02 9.770407139235880445e-01
1.600000000000000033e-02 9.774961847607545051e-01
1.700000000000000122e-02 9.778581323696016181e-01
1.800000000000000211e-02 9.781351041884459585e-01
1.899999999999999953e-02 9.783335172719375139e-01
2.000000000000000042e-02 9.784581533726209868e-01
2.100000000000000130e-02 9.785127050653787961e-01
2.200000000000000219e-02 9.784999193757663027e-01
2.300000000000000308e-02 9.784220222000248324e-01
2.400000000000000050e-02 9.782807303649990738e-01
2.500000000000000139e-02 9.780776705157393502e-01
2.600000000000000228e-02 9.778145193617590047e-01
2.699999999999999969e-02 9.774928150813538830e-01
2.800000000000000058e-02 9.771144445535997480e-01
2.900000000000000147e-02 9.766812912822289139e-01
3.000000000000000236e-02 9.761953353208649986e-01
3.100000000000000325e-02 9.756593193669353958e-01
3.200000000000000067e-02 9.750760160963997114e-01
3.300000000000000155e-02 9.744482320661898012e-01
3.400000000000000244e-02 9.737795656410942469e-01
3.499999999999999639e-02 9.730736663670667141e-01
3.599999999999999728e-02 9.723340543605301090e-01
3.699999999999999817e-02 9.715651039729082949e-01
3.799999999999999906e-02 9.707718140334130608e-01
3.899999999999999994e-02 9.699589162396304864e-01
4.000000000000000083e-02 9.691307756474812907e-01
4.100000000000000172e-02 9.682909800651603449e-01
4.199999999999999567e-02 9.674426840651058068e-01
4.299999999999999656e-02 9.665888569750771264e-01
4.399999999999999745e-02 9.657325267191914087e-01
4.499999999999999833e-02 9.648784073036981157e-01
4.599999999999999922e-02 9.640319557503134185e-01
4.700000000000000011e-02 9.631981540256828733e-01
4.800000000000000100e-02 9.623815284074128673e-01
4.899999999999999495e-02 9.615833101423715279e-01
4.999999999999999584e-02 9.608011801393424589e-01
