6.768356194999999983e-04 7.718435055661267086e+00 1.518945682741344605e+01
1.676835619500000128e-03 1.019779447430178898e+01 2.724342925370538993e+01
2.676835619500000148e-03 1.126580012789090190e+01 3.271276568839112286e+01
3.676835619500000169e-03 1.203735742500274775e+01 3.627092827173846956e+01
4.676835619499999756e-03 1.269449343195825541e+01 3.900127588276271240e+01
5.676835619499999777e-03 1.329206352281556569e+01 4.128012468488344666e+01
6.676835619499999798e-03 1.383419144028521508e+01 4.321648561331448946e+01
7.676835619499999819e-03 1.437457886146987462e+01 4.502654957634547372e+01
8.676835619500000707e-03 1.490431916360974363e+01 4.671336949790399728e+01
9.676835619500001595e-03 1.543505864019645379e+01 4.832941905025261065e+01
1.067683561950000075e-02 1.597705873901946205e+01 4.992644367937250394e+01
1.167683561949999990e-02 1.653195510250276357e+01 5.149942145843300523e+01
1.267683561950000079e-02 1.710898467823497171e+01 5.310504220953554011e+01
1.367683561950000168e-02 1.771085676198398318e+01 5.473650946000292095e+01
1.467683561950000083e-02 1.834417802882845905e+01 5.642825064490111941e+01
1.567683561949999999e-02 1.901365154009291558e+01 5.819678080560211697e+01
1.667683561950000087e-02 1.972249287792602246e+01 6.005626444566933486e+01
1.767683561950000176e-02 2.048248702892583850e+01 6.204250699098050603e+01
1.867683561950000265e-02 2.130638098050828688e+01 6.419652062086272792e+01
1.967683561950000007e-02 2.221231917645391363e+01 6.654694698388458107e+01
2.067683561950000096e-02 2.319025934078100448e+01 6.912936208261807280e+01
2.167683561950000184e-02 2.428534741928739749e+01 7.201377790422596092e+01
