6.768356194999999983e-04 7.587593623487279837e-01
1.676835619500000128e-03 8.543496579952108982e-01
2.676835619500000148e-03 8.921188527438381755e-01
3.676835619500000169e-03 9.113625844379003027e-01
4.676835619499999756e-03 9.227689072131418646e-01
5.676835619499999777e-03 9.301277220713189964e-01
6.676835619499999798e-03 9.351025825889257570e-01
7.676835619499999819e-03 9.385307574675113562e-01
8.676835619500000707e-03 9.408778632927379260e-01
9.676835619500001595e-03 9.424239478591766028e-01
1.067683561950000075e-02 9.433411339756418990e-01
1.167683561949999990e-02 9.437438592794740178e-01
1.267683561950000079e-02 9.437102905956878951e-01
1.367683561950000168e-02 9.432943525242278859e-01
1.467683561950000083e-02 9.425361745395260948e-01
1.567683561949999999e-02 9.414686730357950672e-01
1.667683561950000087e-02 9.401184880257688059e-01
1.767683561950000176e-02 9.385057759660407894e-01
1.867683561950000265e-02 9.366493743508242931e-01
1.967683561950000007e-02 9.345782748353566038e-01
2.067683561950000096e-02 9.323196549058886395e-01
2.167683561950000184e-02 9.298961465566361051e-01
2.267683561949999926e-02 9.273272729425449112e-01
2.367683561950000015e-02 9.246417338765708926e-01
2.467683561950000104e-02 9.218794714824892766e-01
2.567683561950000193e-02 9.190765960157641912e-01
2.667683561950000282e-02 9.162649982670493243e-01
2.767683561950000024e-02 9.134728285702901074e-01
2.867683561950000112e-02 9.107253310364733512e-01
2.967683561950000201e-02 9.080462522787172697e-01
3.067683561949999943e-02 9.054564605186261605e-01
3.167683561950000032e-02 9.029737253648534301e-01
3.267683561950000121e-02 9.006125474078546800e-01
3.367683561950000209e-02 8.983755785747881140e-01
