6.768356194999999983e-04 1.421339362621126590e+01 2.158306189737918501e+01
1.676835619500000128e-03 6.254535132246946461e+01 1.239664565610540450e+02
2.676835619500000148e-03 1.314755170116856675e+02 3.023418672143878325e+02
3.676835619500000169e-03 2.153900343510308346e+02 5.462117672241437276e+02
4.676835619499999756e-03 3.111150962763986172e+02 8.460697076735732480e+02
5.676835619499999777e-03 4.164542831572427986e+02 1.193295327945091913e+03
6.676835619499999798e-03 5.297592399665232961e+02 1.580035454742322599e+03
7.676835619499999819e-03 6.497490166363022581e+02 1.999062478647594844e+03
8.676835619500000707e-03 7.754173228558533992e+02 2.443732032517680636e+03
9.676835619500001595e-03 9.059732139655275205e+02 2.907996712918799403e+03
1.067683561950000075e-02 1.040801612254700785e+03 3.386241197842726706e+03
1.167683561949999990e-02 1.179425882074546735e+03 3.873405094250093953e+03
1.267683561950000079e-02 1.321483835432825799e+03 4.365000816049852801e+03
1.367683561950000168e-02 1.466700821341098845e+03 4.857065732572438719e+03
1.467683561950000083e-02 1.614856176992355131e+03 5.346205645731583900e+03
1.567683561949999999e-02 1.765775262869733979e+03 5.829769894316453247e+03
1.667683561950000087e-02 1.919306573983281169e+03 6.305718303168249804e+03
1.767683561950000176e-02 2.075300741493772421e+03 6.772380501067981641e+03
1.867683561950000265e-02 2.233603475748056098e+03 7.228631806336464251e+03
1.967683561950000007e-02 2.394047198183422097e+03 7.674579040128101951e+03
2.067683561950000096e-02 2.556445584814553513e+03 8.110719539660204646e+03
2.167683561950000184e-02 2.720598112574159131e+03 8.537614915195248614e+03
2.267683561949999926e-02 2.886293242959359759e+03 8.955880687215249054e+03
2.367683561950000015e-02 3.053289195867515900e+03 9.366899653371243403e+03
2.467683561950000104e-02 3.221312587339380570e+03 9.772949681447449620e+03
2.567683561950000193e-02 3.390093889960217894e+03 1.017621933422326219e+04
2.667683561950000282e-02 3.559372295509685955e+03 1.057874184909872747e+04
2.767683561950000024e-02 3.728896513131518077e+03 1.098240449412824819e+04
2.867683561950000112e-02 3.898419655542914825e+03 1.138896689719605820e+04
2.967683561950000201e-02 4.067686113919497529e+03 1.180009075206456328e+04
3.067683561949999943e-02 4.236443723888108252e+03 1.221733639963047062e+04
3.167683561950000032e-02 4.404447538600822554e+03 1.264217162642312906e+04
3.267683561950000121e-02 4.571424461191480077e+03 1.307596171913893886e+04
3.367683561950000209e-02 4.737149470790111081e+03 1.351936856157064358e+04
