5.000000000000000104e-03 8.045959119425110373e+01 1.583405018460267684e+02
6.000000000000000125e-03 8.397911334381709025e+01 1.661122653858399190e+02
7.000000000000000146e-03 8.711215721300898451e+01 1.731529902409085651e+02
8.000000000000000167e-03 8.999811595639398831e+01 1.797169978670178523e+02
9.000000000000001055e-03 9.268127682040440618e+01 1.858744902828591705e+02
1.000000000000000021e-02 9.525430831677975618e+01 1.918121223476686907e+02
1.099999999999999936e-02 9.771613117756550082e+01 1.975198444543406708e+02
1.200000000000000025e-02 1.001212228897196894e+02 2.031113925682858792e+02
1.300000000000000114e-02 1.024771427468652405e+02 2.086000182771535094e+02
1.400000000000000203e-02 1.047872153570769456e+02 2.139875750892815063e+02
1.499999999999999944e-02 1.070849103786568719e+02 2.193502943648981898e+02
1.600000000000000033e-02 1.093945805969716929e+02 2.247438261268892745e+02
1.700000000000000122e-02 1.117243871533055142e+02 2.301862830600397558e+02
1.800000000000000211e-02 1.140982669548942710e+02 2.357330536517830524e+02
1.899999999999999953e-02 1.164981188739986777e+02 2.413390306716820533e+02
2.000000000000000042e-02 1.189460810781648803e+02 2.470561940468870432e+02
2.100000000000000130e-02 1.214699991139761437e+02 2.529510169768465460e+02
2.200000000000000219e-02 1.240897892892120211e+02 2.590705944050191647e+02
2.300000000000000308e-02 1.267717624225209931e+02 2.653314501590123768e+02
2.400000000000000050e-02 1.295856014773438289e+02 2.719021669799979009e+02
2.500000000000000139e-02 1.325147328780586804e+02 2.787407794977528397e+02
2.600000000000000228e-02 1.355874643843277454e+02 2.859140858925418343e+02
2.699999999999999969e-02 1.388257859173476731e+02 2.934741574103389326e+02
2.800000000000000058e-02 1.422474122073636238e+02 3.014610780865911011e+02
2.900000000000000147e-02 1.458846621093598515e+02 3.099513879720044542e+02
3.000000000000000236e-02 1.497625701534848872e+02 3.190019093133392403e+02
3.100000000000000325e-02 1.539175666336253414e+02 3.286972483006433663e+02
3.200000000000000067e-02 1.583888058450565381e+02 3.391270625924923365e+02
3.300000000000000155e-02 1.632164446385063457e+02 3.503806470128853903e+02
