5.000000000000000104e-03 7.112451739362369851e-01
6.000000000000000125e-03 7.352263146456470277e-01
7.000000000000000146e-03 7.529112010648703057e-01
8.000000000000000167e-03 7.662435812166611404e-01
9.000000000000001055e-03 7.764600700833910185e-01
1.000000000000000021e-02 7.843458718633908866e-01
1.099999999999999936e-02 7.904273289807663971e-01
1.200000000000000025e-02 7.950736874977939461e-01
1.300000000000000114e-02 7.985507721894363753e-01
1.400000000000000203e-02 8.010515102012196742e-01
1.499999999999999944e-02 8.027205845798687234e-01
1.600000000000000033e-02 8.036687799620263473e-01
1.700000000000000122e-02 8.039820396205598074e-01
1.800000000000000211e-02 8.037279485369454024e-01
1.899999999999999953e-02 8.029610989892993489e-01
2.000000000000000042e-02 8.017262840099655952e-01
2.100000000000000130e-02 8.000611959284283925e-01
2.200000000000000219e-02 7.979982224918845679e-01
2.300000000000000308e-02 7.955658954167957875e-01
2.400000000000000050e-02 7.927903408919946271e-01
2.500000000000000139e-02 7.896952634470358889e-01
2.600000000000000228e-02 7.863049569473493650e-01
2.699999999999999969e-02 7.826412257848779364e-01
2.800000000000000058e-02 7.787273372981049491e-01
2.900000000000000147e-02 7.745868387960885837e-01
3.000000000000000236e-02 7.702414378955553254e-01
3.100000000000000325e-02 7.657167440924536050e-01
3.200000000000000067e-02 7.610380196760168081e-01
3.300000000000000155e-02 7.562283730966183892e-01
3.400000000000000244e-02 7.513140501999568954e-01
3.499999999999999639e-02 7.463210073623652852e-01
3.599999999999999728e-02 7.412725147304171092e-01
3.699999999999999817e-02 7.361944066670376152e-01
3.799999999999999906e-02 7.311155295943979615e-01
3.899999999999999994e-02 7.260619467922859727e-01
4.000000000000000083e-02 7.210563523507770300e-01
4.100000000000000172e-02 7.161153859820379441e-01
4.199999999999999567e-02 7.112511560569526603e-01
4.299999999999999656e-02 7.064743242095420372e-01
4.399999999999999745e-02 7.017951981610394130e-01
4.499999999999999833e-02 6.972305293934819570e-01
4.599999999999999922e-02 6.928014749626771884e-01
4.700000000000000011e-02 6.885265379967141497e-01
4.800000000000000100e-02 6.844216805004497139e-01
4.899999999999999495e-02 6.804890141875089560e-01
4.999999999999999584e-02 6.767107813048122145e-01
