5.000000000000000104e-03 3.016533876905306784e+02 5.629452561989349988e+02
6.000000000000000125e-03 4.087804451694156000e+02 7.611399868831424556e+02
7.000000000000000146e-03 5.272167247093447031e+02 9.820959599132797848e+02
8.000000000000000167e-03 6.555752836177656491e+02 1.223698863068431592e+03
9.000000000000001055e-03 7.925893059028386460e+02 1.483918558910318552e+03
1.000000000000000021e-02 9.371157325783292436e+02 1.760853495823715093e+03
1.099999999999999936e-02 1.088132344780545282e+03 2.052744442274949051e+03
1.200000000000000025e-02 1.244703329499988058e+03 2.357928970551442490e+03
1.300000000000000114e-02 1.405977300732430422e+03 2.674848182058698967e+03
1.400000000000000203e-02 1.571203729917467626e+03 3.002092955449970304e+03
1.499999999999999944e-02 1.739671947805849413e+03 3.338296186714921987e+03
1.600000000000000033e-02 1.910740992783072443e+03 3.682197346290700807e+03
1.700000000000000122e-02 2.083847970827579502e+03 4.032672842271595528e+03
1.800000000000000211e-02 2.258487926021386102e+03 4.388701555099723009e+03
1.899999999999999953e-02 2.434202072951183254e+03 4.749351830507980594e+03
2.000000000000000042e-02 2.610585764089847999e+03 5.113801221394268396e+03
2.100000000000000130e-02 2.787280470751730718e+03 5.481327404520250639e+03
2.200000000000000219e-02 2.963986836050431975e+03 5.851341084599395799e+03
2.300000000000000308e-02 3.140473749924833555e+03 6.223414988497323066e+03
2.400000000000000050e-02 3.316539246325942713e+03 6.597194529789893750e+03
2.500000000000000139e-02 3.491995486228586742e+03 6.972380555647829169e+03
2.600000000000000228e-02 3.666661316347946013e+03 7.348699061872008315e+03
2.699999999999999969e-02 3.840392483417292169e+03 7.725974633075500606e+03
2.800000000000000058e-02 4.013183541825610064e+03 8.104353753357728237e+03
2.900000000000000147e-02 4.185074929665529453e+03 8.484096259380150514e+03
3.000000000000000236e-02 4.356101659109817774e+03 8.865465265875471232e+03
3.100000000000000325e-02 4.526257502799528083e+03 9.248655753163346162e+03
3.200000000000000067e-02 4.695525726571662744e+03 9.633832928917407116e+03
3.300000000000000155e-02 4.863882697030335294e+03 1.002114987902806934e+04
3.400000000000000244e-02 5.031338481294487792e+03 1.041082505110520106e+04
3.499999999999999639e-02 5.198059917695335571e+03 1.080345225477528948e+04
3.599999999999999728e-02 5.364239476403575281e+03 1.119966748878593899e+04
3.699999999999999817e-02 5.530016755225068664e+03 1.159999288696423537e+04
3.799999999999999906e-02 5.695469087709758242e+03 1.200481827503910608e+04
3.899999999999999994e-02 5.860669221703765288e+03 1.241448907260773194e+04
4.000000000000000083e-02 6.025664755899597367e+03 1.282932154774298760e+04
4.100000000000000172e-02 6.190531979029401555e+03 1.324966404533107379e+04
4.199999999999999567e-02 6.355357143561623161e+03 1.367588894421467376e+04
4.299999999999999656e-02 6.520224680784326665e+03 1.410835993173648239e+04
4.399999999999999745e-02 6.685186981057567209e+03 1.454739600926556886e+04
4.499999999999999833e-02 6.850221054813692717e+03 1.499311491202271463e+04
4.599999999999999922e-02 7.015219709931534453e+03 1.544545909463551106e+04
4.700000000000000011e-02 7.180087348670201209e+03 1.590433981330800634e+04
4.800000000000000100e-02 7.344740964493298634e+03 1.636963925410274169e+04
4.899999999999999495e-02 7.508944011552345728e+03 1.684126381817352012e+04
4.999999999999999584e-02 7.672952287816646276e+03 1.731930969435681618e+04
