6.768356194999999983e-04 7.901575309907570066e+00 7.908185139828443511e+00
1.676835619500000128e-03 1.390457586123968881e+01 1.392033735223306401e+01
2.676835619500000148e-03 1.667639454676533006e+01 1.669455253029394726e+01
3.676835619500000169e-03 1.848721092472659322e+01 1.850512198479753323e+01
4.676835619499999756e-03 1.987898392996005015e+01 1.989591056386745294e+01
5.676835619499999777e-03 2.104136357469669605e+01 2.105723578969544363e+01
6.676835619499999798e-03 2.202922785792596372e+01 2.204424517035176478e+01
7.676835619499999819e-03 2.295237757588557415e+01 2.296701467432635724e+01
8.676835619500000707e-03 2.381249738464911658e+01 2.382702993374056888e+01
9.676835619500001595e-03 2.463620738711412628e+01 2.465101235917202160e+01
1.067683561950000075e-02 2.544971272564734122e+01 2.546532636023974661e+01
1.167683561949999990e-02 2.625065862636726166e+01 2.626740425835760817e+01
1.267683561950000079e-02 2.706803196478756846e+01 2.708614339461858833e+01
1.367683561950000168e-02 2.789829419465907634e+01 2.791807708086136230e+01
1.467683561950000083e-02 2.875905863038271448e+01 2.878075723252412033e+01
1.567683561949999999e-02 2.965569949715187548e+01 2.968260464222887762e+01
1.667683561950000087e-02 3.060501481178782157e+01 3.063084244428727843e+01
1.767683561950000176e-02 3.161561650869993301e+01 3.164372843357991627e+01
1.867683561950000265e-02 3.271177332607734911e+01 3.274217620967659315e+01
1.967683561950000007e-02 3.390799967777508073e+01 3.394079302842439461e+01
2.067683561950000096e-02 3.522245402393011204e+01 3.525772330738344351e+01
2.167683561950000184e-02 3.669070428439309950e+01 3.672867008554061385e+01
