6.768356194999999983e-04 6.018064296227076948e-01
1.676835619500000128e-03 7.297024588423420832e-01
2.676835619500000148e-03 7.863880984507137795e-01
3.676835619500000169e-03 8.169037489435776456e-01
4.676835619499999756e-03 8.353534548062429010e-01
5.676835619499999777e-03 8.469224949769336153e-01
6.676835619499999798e-03 8.545125623385048108e-01
7.676835619499999819e-03 8.593478618011001213e-01
8.676835619500000707e-03 8.621727389419371335e-01
9.676835619500001595e-03 8.634473457202581637e-01
1.067683561950000075e-02 8.634431869396832493e-01
1.167683561949999990e-02 8.623809512552138568e-01
1.267683561950000079e-02 8.605902547808349512e-01
1.367683561950000168e-02 8.580673392341435779e-01
1.467683561950000083e-02 8.545025716835944474e-01
1.567683561949999999e-02 8.505348117129374330e-01
1.667683561950000087e-02 8.458381394460219305e-01
1.767683561950000176e-02 8.408245030676808618e-01
1.867683561950000265e-02 8.351954796489327038e-01
1.967683561950000007e-02 8.288932330190303954e-01
2.067683561950000096e-02 8.224680281765204271e-01
2.167683561950000184e-02 8.156198056307132349e-01
2.267683561949999926e-02 8.086764035836652154e-01
2.367683561950000015e-02 8.013885277580397037e-01
2.467683561950000104e-02 7.940774885105317260e-01
2.567683561950000193e-02 7.865166382115126309e-01
2.667683561950000282e-02 7.789864944461373231e-01
2.767683561950000024e-02 7.713094737320116412e-01
2.867683561950000112e-02 7.640112673863372894e-01
2.967683561950000201e-02 7.566793684203991788e-01
3.067683561949999943e-02 7.497103419840500660e-01
3.167683561950000032e-02 7.428052120070096631e-01
3.267683561950000121e-02 7.363141400137438453e-01
3.367683561950000209e-02 7.296129821050425512e-01
