6.768356194999999983e-04 1.134569855632076063e+01 1.135324341084626809e+01
1.676835619500000128e-03 6.348696556172588146e+01 6.356021006574688670e+01
2.676835619500000148e-03 1.542937700976381734e+02 1.545332358696370534e+02
3.676835619500000169e-03 2.784310792401927301e+02 2.789133387979956069e+02
4.676835619499999756e-03 4.311185032118387994e+02 4.318510620845106018e+02
5.676835619499999777e-03 6.079708316880341954e+02 6.089491283601797704e+02
6.676835619499999798e-03 8.051241195767877343e+02 8.062016158521681746e+02
7.676835619499999819e-03 1.018811013412387865e+03 1.019921690092288713e+03
8.676835619500000707e-03 1.245711679921209907e+03 1.246720012928068172e+03
9.676835619500001595e-03 1.482714998218891196e+03 1.483511743544120463e+03
1.067683561950000075e-02 1.726850774960079661e+03 1.727432425362645972e+03
1.167683561949999990e-02 1.975583161723792728e+03 1.975900657550449523e+03
1.267683561950000079e-02 2.226499305267062937e+03 2.226627216590440639e+03
1.367683561950000168e-02 2.477583590825907322e+03 2.477590645912422588e+03
1.467683561950000083e-02 2.727042144324473611e+03 2.727059437332405196e+03
1.567683561949999999e-02 2.973491173150162922e+03 2.973681363644897374e+03
1.667683561950000087e-02 3.215995241542429085e+03 3.216415606672389458e+03
1.767683561950000176e-02 3.453548647944334789e+03 3.454409976776095391e+03
1.867683561950000265e-02 3.685697851861033087e+03 3.687090646047618975e+03
1.967683561950000007e-02 3.912649871079548575e+03 3.914512029931578127e+03
2.067683561950000096e-02 4.134472117459416040e+03 4.136927762501720281e+03
2.167683561950000184e-02 4.351872228482218816e+03 4.354624265481936163e+03
2.267683561949999926e-02 4.564234095534942753e+03 4.567915464339696882e+03
2.367683561950000015e-02 4.773419785606144615e+03 4.777506732595593348e+03
2.467683561950000104e-02 4.979762423446884895e+03 4.984560103842161880e+03
2.567683561950000193e-02 5.184797447418968659e+03 5.190192079201490742e+03
2.667683561950000282e-02 5.389780152846617057e+03 5.395439944950645440e+03
2.767683561950000024e-02 5.595601092314883317e+03 5.601266544022775633e+03
2.867683561950000112e-02 5.802239554894259527e+03 5.808569625450984859e+03
2.967683561950000201e-02 6.011297827899158619e+03 6.018196999093886006e+03
3.067683561949999943e-02 6.223623319797380645e+03 6.230944787632882253e+03
3.167683561950000032e-02 6.440117824852136437e+03 6.447561912069543723e+03
3.267683561950000121e-02 6.660689871662330006e+03 6.668745014273928064e+03
3.367683561950000209e-02 6.886412611710423334e+03 6.894831867141407201e+03
