6.768356194999999983e-04 1.153645780608201221e+01 1.290435223871255843e+01
1.676835619500000128e-03 1.899879172824009643e+01 2.365160432364362109e+01
2.676835619500000148e-03 2.201601951527068834e+01 2.844027430567607340e+01
3.676835619500000169e-03 2.398572690311267763e+01 3.154422576393788091e+01
4.676835619499999756e-03 2.553687413143629570e+01 3.392298197863262743e+01
5.676835619499999777e-03 2.686851421634378667e+01 3.590720096870231970e+01
6.676835619499999798e-03 2.802781182167864671e+01 3.759267683713813568e+01
7.676835619499999819e-03 2.914019023907598793e+01 3.916786363350603040e+01
8.676835619500000707e-03 3.019935072503409401e+01 4.063558487861035928e+01
9.676835619500001595e-03 3.123425391135027240e+01 4.204157942513980828e+01
1.067683561950000075e-02 3.226990327087084154e+01 4.343091523151958455e+01
1.167683561949999990e-02 3.331230409442053286e+01 4.479924676513983428e+01
1.267683561950000079e-02 3.438105577346708941e+01 4.619591111980021481e+01
1.367683561950000168e-02 3.548323141879467357e+01 4.761500486311620506e+01
1.467683561950000083e-02 3.663263392923509798e+01 4.908648419290310017e+01
1.567683561949999999e-02 3.783921681233413636e+01 5.062471931597616503e+01
1.667683561950000087e-02 3.911128493667169437e+01 5.224203658656129790e+01
1.767683561950000176e-02 4.047156385558649561e+01 5.396958284144429996e+01
1.867683561950000265e-02 4.194420493727520949e+01 5.584303073962136210e+01
1.967683561950000007e-02 4.356149969777173681e+01 5.788729525307575585e+01
2.067683561950000096e-02 4.531637690631207249e+01 6.013332410313881837e+01
2.167683561950000184e-02 4.727855325097456074e+01 6.264201120698653824e+01
