6.768356194999999983e-04 7.275850922995587000e-01
1.676835619500000128e-03 8.478138927061178443e-01
2.676835619500000148e-03 8.884800720148710029e-01
3.676835619500000169e-03 9.086615550484039572e-01
4.676835619499999756e-03 9.205107014476981986e-01
5.676835619499999777e-03 9.281195437050514530e-01
6.676835619499999798e-03 9.332490047610866313e-01
7.676835619499999819e-03 9.367767388150959329e-01
8.676835619500000707e-03 9.391880990608739710e-01
9.676835619500001595e-03 9.407739735792178815e-01
1.067683561950000075e-02 9.417128275011696914e-01
1.167683561949999990e-02 9.421231342536187103e-01
1.267683561950000079e-02 9.420857693818369683e-01
1.367683561950000168e-02 9.416565314373217532e-01
1.467683561950000083e-02 9.408769256985066720e-01
1.567683561949999999e-02 9.397810040356440187e-01
1.667683561950000087e-02 9.383963347301164104e-01
1.767683561950000176e-02 9.367437883925263664e-01
1.867683561950000265e-02 9.348428530912449297e-01
1.967683561950000007e-02 9.327234013143378411e-01
2.067683561950000096e-02 9.304134044927966363e-01
2.167683561950000184e-02 9.279361403798881414e-01
2.267683561949999926e-02 9.253116712091015161e-01
2.367683561950000015e-02 9.225693963954629817e-01
2.467683561950000104e-02 9.197501499777426259e-01
2.567683561950000193e-02 9.168908031845591777e-01
2.667683561950000282e-02 9.140238758916050532e-01
2.767683561950000024e-02 9.111780328709574439e-01
2.867683561950000112e-02 9.083789446420623692e-01
2.967683561950000201e-02 9.056506783826344664e-01
3.067683561949999943e-02 9.030143911182838545e-01
3.167683561950000032e-02 9.004880418744281023e-01
3.267683561950000121e-02 8.980862437844144841e-01
3.367683561950000209e-02 8.958114208765134423e-01
