6.768356194999999983e-04 1.213247063086113009e+01 1.282138077452604996e+01
1.676835619500000128e-03 6.755552185861479586e+01 7.579968245716177933e+01
2.676835619500000148e-03 1.581075830898198831e+02 1.855338893068770290e+02
3.676835619500000169e-03 2.762394731738998530e+02 3.355685073322102880e+02
4.676835619499999756e-03 4.165441237696562666e+02 5.200535569775116755e+02
5.676835619499999777e-03 5.748509250959754127e+02 7.336840671333760611e+02
6.676835619499999798e-03 7.477926261233167224e+02 9.716271083179377683e+02
7.676835619499999819e-03 9.325649255521082068e+02 1.229434663672071792e+03
8.676835619500000707e-03 1.126800729933788261e+03 1.503017598076642571e+03
9.676835619500001595e-03 1.328498028385292400e+03 1.788654114288865458e+03
1.067683561950000075e-02 1.535926037843788890e+03 2.082888265954496092e+03
1.167683561949999990e-02 1.747609361725283634e+03 2.382605580716542136e+03
1.267683561950000079e-02 1.962292227957938167e+03 2.685044065711030726e+03
1.367683561950000168e-02 2.178894082877875007e+03 2.987764757045192709e+03
1.467683561950000083e-02 2.396488457030447080e+03 3.288678488609866235e+03
1.567683561949999999e-02 2.614316129650501807e+03 3.586153679730929071e+03
1.667683561950000087e-02 2.831739319633579726e+03 3.878934449457225128e+03
1.767683561950000176e-02 3.048185841314597837e+03 4.165992478644503535e+03
1.867683561950000265e-02 3.263180189677444105e+03 4.446635286346349858e+03
1.967683561950000007e-02 3.476478844524769556e+03 4.720928409643124724e+03
2.067683561950000096e-02 3.687913244275794568e+03 4.989177758040561457e+03
2.167683561950000184e-02 3.897337653867788049e+03 5.251728802928453661e+03
2.267683561949999926e-02 4.104631935144023373e+03 5.508960205198249241e+03
2.367683561950000015e-02 4.309850548305915254e+03 5.761722975293375384e+03
2.467683561950000104e-02 4.513261171589058904e+03 6.011419183585340761e+03
2.567683561950000193e-02 4.715152518542327016e+03 6.259396000000712775e+03
2.667683561950000282e-02 4.915814820804922419e+03 6.506905049972385314e+03
2.767683561950000024e-02 5.115532968111325317e+03 6.755108169403053580e+03
2.867683561950000112e-02 5.314581672073060872e+03 7.005088684550792095e+03
2.967683561950000201e-02 5.513222741004173258e+03 7.257869699606770155e+03
3.067683561949999943e-02 5.711694312897466261e+03 7.514411979271374548e+03
3.167683561950000032e-02 5.910205141417100094e+03 7.775619355859687857e+03
3.267683561950000121e-02 6.108882910470234492e+03 8.042332597568877645e+03
3.367683561950000209e-02 6.307724199917592159e+03 8.314959423510452325e+03
