6.768356194999999983e-04 5.883258448833349696e+00 5.893033249316069089e+00
1.676835619500000128e-03 1.008625455753748845e+01 1.011122542176663863e+01
2.676835619500000148e-03 1.205520705130507686e+01 1.209340899292329752e+01
3.676835619500000169e-03 1.334647494905803100e+01 1.339586466053392044e+01
4.676835619499999756e-03 1.434038556543098686e+01 1.439978324408601651e+01
5.676835619499999777e-03 1.517120959201602837e+01 1.523980695437151134e+01
6.676835619499999798e-03 1.587775131185573763e+01 1.595471069390339913e+01
7.676835619499999819e-03 1.653855669859549238e+01 1.662382405853182377e+01
8.676835619500000707e-03 1.715478807844943887e+01 1.724794546530820583e+01
9.676835619500001595e-03 1.774521294296151197e+01 1.784630809967219278e+01
1.067683561950000075e-02 1.832889229814923127e+01 1.843796325006281833e+01
1.167683561949999990e-02 1.890395024442052829e+01 1.902097772407803333e+01
1.267683561950000079e-02 1.949106417474495245e+01 1.961631575727147947e+01
1.367683561950000168e-02 2.008775605353352489e+01 2.022141636890057370e+01
1.467683561950000083e-02 2.070645744740845728e+01 2.084902126197793848e+01
1.567683561949999999e-02 2.135129073981605785e+01 2.150523290805767118e+01
1.667683561950000087e-02 2.203401511287377446e+01 2.219526895254267274e+01
1.767683561950000176e-02 2.276095763410699391e+01 2.293239980903920383e+01
1.867683561950000265e-02 2.354939577147417751e+01 2.373183906962813694e+01
1.967683561950000007e-02 2.440993748446160794e+01 2.460418091251854378e+01
2.067683561950000096e-02 2.535525066826436813e+01 2.556257467425099250e+01
2.167683561950000184e-02 2.641097919958649953e+01 2.663299629836692262e+01
