6.768356194999999983e-04 6.807198041280475564e-01
1.676835619500000128e-03 7.933884588486627143e-01
2.676835619500000148e-03 8.414325087444373130e-01
3.676835619500000169e-03 8.665821601705853139e-01
4.676835619499999756e-03 8.814077494974650318e-01
5.676835619499999777e-03 8.907634299211979467e-01
6.676835619499999798e-03 8.969028368854119471e-01
7.676835619499999819e-03 9.008794392411751950e-01
8.676835619500000707e-03 9.032309394420344750e-01
9.676835619500001595e-03 9.044442051751946376e-01
1.067683561950000075e-02 9.047444515150945277e-01
1.167683561949999990e-02 9.042198020104751377e-01
1.267683561950000079e-02 9.030775917912700068e-01
1.367683561950000168e-02 9.013370423651239083e-01
1.467683561950000083e-02 8.989337343545261705e-01
1.567683561949999999e-02 8.961459070641819569e-01
1.667683561950000087e-02 8.927863624951318799e-01
1.767683561950000176e-02 8.890843453230297122e-01
1.867683561950000265e-02 8.847171003815921253e-01
1.967683561950000007e-02 8.803056006753066098e-01
2.067683561950000096e-02 8.754563948975583321e-01
2.167683561950000184e-02 8.702681076009106675e-01
2.267683561949999926e-02 8.647261371850654132e-01
2.367683561950000015e-02 8.592071603004519664e-01
2.467683561950000104e-02 8.534395269557392139e-01
2.567683561950000193e-02 8.476091482332238636e-01
2.667683561950000282e-02 8.416053036657115127e-01
2.767683561950000024e-02 8.356722270299549171e-01
2.867683561950000112e-02 8.299320456050786055e-01
2.967683561950000201e-02 8.240144562909818005e-01
3.067683561949999943e-02 8.181247746969406709e-01
3.167683561950000032e-02 8.125273873788757539e-01
3.267683561950000121e-02 8.073325895728887813e-01
3.367683561950000209e-02 8.017476785907746706e-01
