6.768356194999999983e-04 8.575595248129415538e+00 8.586487594710872528e+00
1.676835619500000128e-03 4.648225069113333063e+01 4.652261857403463807e+01
2.676835619500000148e-03 1.122720797101640926e+02 1.123652802417228287e+02
3.676835619500000169e-03 2.021003027466520621e+02 2.022664035648789707e+02
4.676835619499999756e-03 3.124518077889189271e+02 3.127421850222135618e+02
5.676835619499999777e-03 4.401632784643051082e+02 4.406338227216355676e+02
6.676835619499999798e-03 5.823567599638289494e+02 5.830641413059066736e+02
7.676835619499999819e-03 7.364049518080270218e+02 7.373857960484558589e+02
8.676835619500000707e-03 8.997516485592262825e+02 9.011657000865208147e+02
9.676835619500001595e-03 1.070195012925333003e+03 1.072189948672155424e+03
1.067683561950000075e-02 1.245809161701121639e+03 1.248403609690827579e+03
1.167683561949999990e-02 1.424532719172515726e+03 1.427955495890158772e+03
1.267683561950000079e-02 1.604983283663409111e+03 1.609204671551970478e+03
1.367683561950000168e-02 1.785530772254125168e+03 1.790702950150696097e+03
1.467683561950000083e-02 1.964846075656760831e+03 1.971210686575330783e+03
1.567683561949999999e-02 2.141952585261749391e+03 2.149760605949994897e+03
1.667683561950000087e-02 2.316352338219036938e+03 2.325609118048597338e+03
1.767683561950000176e-02 2.487687867664045825e+03 2.498148371276878152e+03
1.867683561950000265e-02 2.654233443198494115e+03 2.666970282773152576e+03
1.967683561950000007e-02 2.817779647008574102e+03 2.832116356898066442e+03
2.067683561950000096e-02 2.978011871274611622e+03 2.993770662799452111e+03
2.167683561950000184e-02 3.134286460862466811e+03 3.152140738297593998e+03
2.267683561949999926e-02 3.287085841973971583e+03 3.307453731223364684e+03
2.367683561950000015e-02 3.437837669233967517e+03 3.460216049033876970e+03
2.467683561950000104e-02 3.587076517589673585e+03 3.611259411224407813e+03
2.567683561950000193e-02 3.733890088087760887e+03 3.761382122482260456e+03
2.667683561950000282e-02 3.881066761582972049e+03 3.911325051892884403e+03
2.767683561950000024e-02 4.028255311980535680e+03 4.061775094057399656e+03
2.867683561950000112e-02 4.177486729439698138e+03 4.213371888233630671e+03
2.967683561950000201e-02 4.326796559596944462e+03 4.366718636179069108e+03
3.067683561949999943e-02 4.477735855001495111e+03 4.522380999674074701e+03
3.167683561950000032e-02 4.631486273191387227e+03 4.680890411636797580e+03
3.267683561950000121e-02 4.789896810395913235e+03 4.842740564532379722e+03
3.367683561950000209e-02 4.949718600020808481e+03 5.008169394701169040e+03
