6.768356194999999983e-04 6.902481028042460665e+00 1.117390818772081218e+01
1.676835619500000128e-03 9.713326973990508151e+00 2.049619981167796468e+01
2.676835619500000148e-03 1.088825569890263090e+01 2.468090298075137312e+01
3.676835619500000169e-03 1.172755660027956637e+01 2.740329880154932951e+01
4.676835619499999756e-03 1.243706999030703741e+01 2.949382890584012173e+01
5.676835619499999777e-03 1.307845308871648271e+01 3.123972528484991429e+01
6.676835619499999798e-03 1.365753375962405158e+01 3.272385213776234281e+01
7.676835619499999819e-03 1.423082253540934516e+01 3.411135759401407341e+01
8.676835619500000707e-03 1.478936803933355115e+01 3.540442745627521504e+01
9.676835619500001595e-03 1.534503677534973676e+01 3.664310006990869795e+01
1.067683561950000075e-02 1.590884587768893255e+01 3.786702021858810241e+01
1.167683561949999990e-02 1.648226957911759882e+01 3.907215944068453695e+01
1.267683561950000079e-02 1.707489312106244839e+01 4.029787397110966651e+01
1.367683561950000168e-02 1.768944874269963918e+01 4.155125128679037516e+01
1.467683561950000083e-02 1.833273050267623461e+01 4.284620351823647866e+01
1.567683561949999999e-02 1.900941741094489501e+01 4.419944658480188338e+01
1.667683561950000087e-02 1.972293737984045237e+01 4.562169704474146670e+01
1.767683561950000176e-02 2.048545653536728395e+01 4.714032840878188324e+01
1.867683561950000265e-02 2.130995110944741455e+01 4.878667822849365621e+01
1.967683561950000007e-02 2.221451766632535296e+01 5.058248904988346339e+01
2.067683561950000096e-02 2.318976948959575779e+01 5.255474163634043805e+01
2.167683561950000184e-02 2.428064811125720013e+01 5.475689528992192123e+01
