6.768356194999999983e-04 5.463398579951066480e-01
1.676835619500000128e-03 7.009733098658945671e-01
2.676835619500000148e-03 7.648643375644790243e-01
3.676835619500000169e-03 7.993410580910497165e-01
4.676835619499999756e-03 8.203911457324611911e-01
5.676835619499999777e-03 8.341108854173274745e-01
6.676835619499999798e-03 8.433363765324707328e-01
7.676835619499999819e-03 8.495606224780339888e-01
8.676835619500000707e-03 8.536454205134348383e-01
9.676835619500001595e-03 8.561258613618656366e-01
1.067683561950000075e-02 8.573403168371365179e-01
1.167683561949999990e-02 8.575201256696463048e-01
1.267683561950000079e-02 8.568291754999436405e-01
1.367683561950000168e-02 8.553853237121232800e-01
1.467683561950000083e-02 8.532791677856125245e-01
1.567683561949999999e-02 8.505888125480854933e-01
1.667683561950000087e-02 8.473801768888736818e-01
1.767683561950000176e-02 8.437050344790910650e-01
1.867683561950000265e-02 8.396122383709714310e-01
1.967683561950000007e-02 8.351717690015443285e-01
2.067683561950000096e-02 8.304478259072082258e-01
2.167683561950000184e-02 8.254930514969697208e-01
2.267683561949999926e-02 8.203518503476135981e-01
2.367683561950000015e-02 8.150845361887710805e-01
2.467683561950000104e-02 8.097702623414994028e-01
2.567683561950000193e-02 8.044773667445511700e-01
2.667683561950000282e-02 7.992632465401704467e-01
2.767683561950000024e-02 7.941759132029134749e-01
2.867683561950000112e-02 7.892560747940488008e-01
2.967683561950000201e-02 7.845400145129243219e-01
3.067683561949999943e-02 7.800576853803696808e-01
3.167683561950000032e-02 7.758330185614440433e-01
3.267683561950000121e-02 7.718837223668496561e-01
3.367683561950000209e-02 7.682073263251437689e-01
