6.768356194999999983e-04 1.172693656177926513e+01 1.569738503831617926e+01
1.676835619500000128e-03 5.568585015255485615e+01 9.260409811932289870e+01
2.676835619500000148e-03 1.199562962995881747e+02 2.266525897885341010e+02
3.676835619500000169e-03 1.993514279217225464e+02 4.100717612101674376e+02
4.676835619499999756e-03 2.910240006624669036e+02 6.358100733055260889e+02
5.676835619499999777e-03 3.930448158949391200e+02 8.974682023876375752e+02
6.676835619499999798e-03 5.039605859731113924e+02 1.189200422798126965e+03
7.676835619499999819e-03 6.226066168203969937e+02 1.505611207012044360e+03
8.676835619500000707e-03 7.480155280981181249e+02 1.841729446035024239e+03
9.676835619500001595e-03 8.793664299772210597e+02 2.193020635710698571e+03
1.067683561950000075e-02 1.015945826824948426e+03 2.555259222426664110e+03
1.167683561949999990e-02 1.157130103292709691e+03 2.924625874156442933e+03
1.267683561950000079e-02 1.302370529572368014e+03 3.297724337471258877e+03
1.367683561950000168e-02 1.451178150435874159e+03 3.671547334624977793e+03
1.467683561950000083e-02 1.603113045070994076e+03 4.043512052305516590e+03
1.567683561949999999e-02 1.757784889436445383e+03 4.411592427647266959e+03
1.667683561950000087e-02 1.914840553084985004e+03 4.774220794312282123e+03
1.767683561950000176e-02 2.073949866516797101e+03 5.130108447171703119e+03
1.867683561950000265e-02 2.234809336135421290e+03 5.478377561526667705e+03
1.967683561950000007e-02 2.397165829162921000e+03 5.819075167067858274e+03
2.067683561950000096e-02 2.560787602688978950e+03 6.152544735669595866e+03
2.167683561950000184e-02 2.725455104358930384e+03 6.479181814419428520e+03
2.267683561949999926e-02 2.890961107366159922e+03 6.799425706996120425e+03
2.367683561950000015e-02 3.057134188459709549e+03 7.114288356738599759e+03
2.467683561950000104e-02 3.223847723588158260e+03 7.425449572407612322e+03
2.567683561950000193e-02 3.390992281662583991e+03 7.734526453450250301e+03
2.667683561950000282e-02 3.558471905982531553e+03 8.043023625353273928e+03
2.767683561950000024e-02 3.726201795095074431e+03 8.352339483259082044e+03
2.867683561950000112e-02 3.894103730722220007e+03 8.663775093662765357e+03
2.967683561950000201e-02 4.062098482153610803e+03 8.978544523792901600e+03
3.067683561949999943e-02 4.230107687953494860e+03 9.297784658474351090e+03
3.167683561950000032e-02 4.398055568494884028e+03 9.622565181611422304e+03
3.267683561950000121e-02 4.565834155742511939e+03 9.953880144076319993e+03
3.367683561950000209e-02 4.733336214128388747e+03 1.029218747104393333e+04
