5.000000000000000104e-03 1.048321572058044779e+02 1.583405014548662564e+02
6.000000000000000125e-03 1.095111853122488696e+02 1.661122649823023494e+02
7.000000000000000146e-03 1.137179129673557298e+02 1.731529898236027520e+02
8.000000000000000167e-03 1.176212984878872732e+02 1.797169974349607457e+02
9.000000000000001055e-03 1.212706490247065005e+02 1.858744898355384976e+02
1.000000000000000021e-02 1.247854781107455437e+02 1.918121218843728570e+02
1.099999999999999936e-02 1.281601864748180333e+02 1.975198439747292412e+02
1.200000000000000025e-02 1.314662939144429856e+02 2.031113920718288739e+02
1.300000000000000114e-02 1.347121719185856250e+02 2.086000177634421391e+02
1.400000000000000203e-02 1.379004849169081695e+02 2.139875745580193893e+02
1.499999999999999944e-02 1.410763864101323293e+02 2.193502938156333641e+02
1.600000000000000033e-02 1.442728233651948244e+02 2.247438255590462575e+02
1.700000000000000122e-02 1.475004617633418889e+02 2.301862824730389150e+02
1.800000000000000211e-02 1.507921647409971797e+02 2.357330530448744526e+02
1.899999999999999953e-02 1.541218295923071082e+02 2.413390300443442129e+02
2.000000000000000042e-02 1.575199195391003855e+02 2.470561933984455720e+02
2.100000000000000130e-02 1.610252037845135646e+02 2.529510163063951325e+02
2.200000000000000219e-02 1.646653881716309797e+02 2.590705937114762492e+02
2.300000000000000308e-02 1.683919090402943084e+02 2.653314494417388119e+02
2.400000000000000050e-02 1.723031909162048407e+02 2.719021662376248969e+02
2.500000000000000139e-02 1.763748166392366556e+02 2.787407787291825798e+02
2.600000000000000228e-02 1.806462674057412130e+02 2.859140850964125775e+02
2.699999999999999969e-02 1.851479382475262696e+02 2.934741565851234100e+02
2.800000000000000058e-02 1.899038970596656100e+02 3.014610772306489821e+02
2.900000000000000147e-02 1.949590619814946422e+02 3.099513870834181830e+02
3.000000000000000236e-02 2.003475171620728474e+02 3.190019083900259034e+02
3.100000000000000325e-02 2.061194678072573083e+02 3.286972473402327068e+02
3.200000000000000067e-02 2.123285690602204170e+02 3.391270615923225478e+02
3.300000000000000155e-02 2.190290630640090228e+02 3.503806459700537630e+02
