5.000000000000000104e-03 5.786648679818368057e-01
6.000000000000000125e-03 6.067480850368240919e-01
7.000000000000000146e-03 6.280448430761891299e-01
8.000000000000000167e-03 6.444358900360983577e-01
9.000000000000001055e-03 6.571888551641460463e-01
1.000000000000000021e-02 6.671399405127935722e-01
1.099999999999999936e-02 6.748688395062381051e-01
1.200000000000000025e-02 6.807951197839073876e-01
1.300000000000000114e-02 6.852292061353880692e-01
1.400000000000000203e-02 6.884019699841437134e-01
1.499999999999999944e-02 6.904906668969684747e-01
1.600000000000000033e-02 6.916343941927508565e-01
1.700000000000000122e-02 6.919436389249611352e-01
1.800000000000000211e-02 6.915077047839038871e-01
1.899999999999999953e-02 6.904002801918504018e-01
2.000000000000000042e-02 6.886837933666559719e-01
2.100000000000000130e-02 6.864121306536887790e-01
2.200000000000000219e-02 6.836324081378568618e-01
2.300000000000000308e-02 6.803874311203519376e-01
2.400000000000000050e-02 6.767167047958209114e-01
2.500000000000000139e-02 6.726567085259874679e-01
2.600000000000000228e-02 6.682443339273124172e-01
2.699999999999999969e-02 6.635130060124386775e-01
2.800000000000000058e-02 6.584975547743436852e-01
2.900000000000000147e-02 6.532326299914288370e-01
3.000000000000000236e-02 6.477499812495254305e-01
3.100000000000000325e-02 6.420854294477295054e-01
3.200000000000000067e-02 6.362736970828636318e-01
3.300000000000000155e-02 6.303458327575796050e-01
3.400000000000000244e-02 6.243359690776568716e-01
3.499999999999999639e-02 6.182768531975619819e-01
3.599999999999999728e-02 6.121972716186837582e-01
3.699999999999999817e-02 6.061280921562728352e-01
3.799999999999999906e-02 6.001028743669072352e-01
3.899999999999999994e-02 5.941510348008522957e-01
4.000000000000000083e-02 5.882972497715707183e-01
4.100000000000000172e-02 5.825585147849490220e-01
4.199999999999999567e-02 5.769461619140874298e-01
4.299999999999999656e-02 5.714695666275921848e-01
4.399999999999999745e-02 5.661375452486069326e-01
4.499999999999999833e-02 5.609659171701625313e-01
4.599999999999999922e-02 5.559751524759870556e-01
4.700000000000000011e-02 5.511824572766327313e-01
4.800000000000000100e-02 5.466017139783058143e-01
4.899999999999999495e-02 5.422316885321747382e-01
4.999999999999999584e-02 5.380491439368062512e-01
