5.000000000000000104e-03 2.688161507168596813e+02 5.629452545307821083e+02
6.000000000000000125e-03 3.633781115972319071e+02 7.611399848129150314e+02
7.000000000000000146e-03 4.685052506480028001e+02 9.820959574176686147e+02
8.000000000000000167e-03 5.830669530411958021e+02 1.223698860123009808e+03
9.000000000000001055e-03 7.059788928147145270e+02 1.483918555490050267e+03
1.000000000000000021e-02 8.362247613255125316e+02 1.760853491902657424e+03
1.099999999999999936e-02 9.728645563479450402e+02 2.052744437826025205e+03
1.200000000000000025e-02 1.115013635714311249e+03 2.357928965546431755e+03
1.300000000000000114e-02 1.261847810016995709e+03 2.674848176468174188e+03
1.400000000000000203e-02 1.412623448420484692e+03 3.002092949243072326e+03
1.499999999999999944e-02 1.566627588546356037e+03 3.338296179859416043e+03
1.600000000000000033e-02 1.723208724232648365e+03 3.682197338752913311e+03
1.700000000000000122e-02 1.881788519754322351e+03 4.032672834016281286e+03
1.800000000000000211e-02 2.041845964491817995e+03 4.388701546090022930e+03
1.899999999999999953e-02 2.202909890912789706e+03 4.749351820705430328e+03
2.000000000000000042e-02 2.364567824571254278e+03 5.113801210758771958e+03
2.100000000000000130e-02 2.526460434907753552e+03 5.481327393010098604e+03
2.200000000000000219e-02 2.688294612373743803e+03 5.851341072171234373e+03
2.300000000000000308e-02 2.849853089766132598e+03 6.223414975106059501e+03
2.400000000000000050e-02 3.010957110776509580e+03 6.597194515388843683e+03
2.500000000000000139e-02 3.171453214985330760e+03 6.972380540188833038e+03
2.600000000000000228e-02 3.331205076640571406e+03 7.348699045305816071e+03
2.699999999999999969e-02 3.490119035077055742e+03 7.725974615351748980e+03
2.800000000000000058e-02 3.648239604287826296e+03 8.104353734424666982e+03
2.900000000000000147e-02 3.805659310534918404e+03 8.484096239184740625e+03
3.000000000000000236e-02 3.962468288795025728e+03 8.865465244363505917e+03
3.100000000000000325e-02 4.118723695293680976e+03 9.248655730280248463e+03
3.200000000000000067e-02 4.274470701288219971e+03 9.633832904608649187e+03
3.300000000000000155e-02 4.429744898053008910e+03 1.002114985323930159e+04
3.400000000000000244e-02 4.584610177600068710e+03 1.041082502378273057e+04
3.499999999999999639e-02 4.739273176389306172e+03 1.080345222586540149e+04
3.599999999999999728e-02 4.893955524086451987e+03 1.119966745823476049e+04
3.699999999999999817e-02 5.048824657869376097e+03 1.159999285471855001e+04
3.799999999999999906e-02 5.203984478900365502e+03 1.200481824104742554e+04
3.899999999999999994e-02 5.359522995529697255e+03 1.241448903682045784e+04
4.000000000000000083e-02 5.515499640151990207e+03 1.282932151011245514e+04
4.100000000000000172e-02 5.671990461209583373e+03 1.324966400581095513e+04
4.199999999999999567e-02 5.829075951247717967e+03 1.367588890275949416e+04
4.299999999999999656e-02 5.986830680391190072e+03 1.410835988830162751e+04
4.399999999999999745e-02 6.145298492299132704e+03 1.454739596380753574e+04
4.499999999999999833e-02 6.304446864437569275e+03 1.499311486450084703e+04
4.599999999999999922e-02 6.464161149001595732e+03 1.544545904501362747e+04
4.700000000000000011e-02 6.624329020247978406e+03 1.590433976155460005e+04
4.800000000000000100e-02 6.784842703348846953e+03 1.636963920019107172e+04
4.899999999999999495e-02 6.945480902222940131e+03 1.684126376207976864e+04
4.999999999999999584e-02 7.106422699982464110e+03 1.731930963605612487e+04
