5.000000000000000104e-03 3.898695866717377498e+02 5.629452545307821083e+02
6.000000000000000125e-03 5.262040229954062625e+02 7.611399848129150314e+02
7.000000000000000146e-03 6.770602535979901404e+02 9.820959574176686147e+02
8.000000000000000167e-03 8.408044489466496998e+02 1.223698860123009808e+03
9.000000000000001055e-03 1.015923151745655559e+03 1.483918555490050267e+03
1.000000000000000021e-02 1.201042400918376416e+03 1.760853491902657424e+03
1.099999999999999936e-02 1.394926876869371881e+03 2.052744437826025205e+03
1.200000000000000025e-02 1.596437659370132224e+03 2.357928965546431755e+03
1.300000000000000114e-02 1.804532373634621081e+03 2.674848176468174188e+03
1.400000000000000203e-02 2.018289664113665594e+03 3.002092949243072326e+03
1.499999999999999944e-02 2.236830575784646953e+03 3.338296179859416043e+03
1.600000000000000033e-02 2.459359023063431778e+03 3.682197338752913311e+03
1.700000000000000122e-02 2.685175446083932911e+03 4.032672834016281286e+03
1.800000000000000211e-02 2.913651155016103075e+03 4.388701546090022930e+03
1.899999999999999953e-02 3.144213099483953556e+03 4.749351820705430328e+03
2.000000000000000042e-02 3.376358475341172834e+03 5.113801210758771958e+03
2.100000000000000130e-02 3.609643300751742572e+03 5.481327393010098604e+03
2.200000000000000219e-02 3.843698916651088439e+03 5.851341072171234373e+03
2.300000000000000308e-02 4.078249781228165830e+03 6.223414975106059501e+03
2.400000000000000050e-02 4.313056310999062589e+03 6.597194515388843683e+03
2.500000000000000139e-02 4.547901755935895380e+03 6.972380540188833038e+03
2.600000000000000228e-02 4.782575312760000998e+03 7.348699045305816071e+03
2.699999999999999969e-02 5.016917485089278671e+03 7.725974615351748980e+03
2.800000000000000058e-02 5.250953336149492316e+03 8.104353734424666982e+03
2.900000000000000147e-02 5.484767434599945773e+03 8.484096239184740625e+03
3.000000000000000236e-02 5.718439655300736376e+03 8.865465244363505917e+03
3.100000000000000325e-02 5.951991930449420579e+03 9.248655730280248463e+03
3.200000000000000067e-02 6.185428237167284351e+03 9.633832904608649187e+03
3.300000000000000155e-02 6.418742136388526887e+03 1.002114985323930159e+04
3.400000000000000244e-02 6.651965673961670291e+03 1.041082502378273057e+04
3.499999999999999639e-02 6.885340164363617077e+03 1.080345222586540149e+04
3.599999999999999728e-02 7.119141196972794205e+03 1.119966745823476049e+04
3.699999999999999817e-02 7.353566123361430982e+03 1.159999285471855001e+04
3.799999999999999906e-02 7.588720401528550610e+03 1.200481824104742554e+04
3.899999999999999994e-02 7.824697687698976551e+03 1.241448903682045784e+04
4.000000000000000083e-02 8.061560647298660115e+03 1.282932151011245514e+04
4.100000000000000172e-02 8.299408629336086960e+03 1.324966400581095513e+04
4.199999999999999567e-02 8.538359805570275057e+03 1.367588890275949416e+04
4.299999999999999656e-02 8.778526985431235516e+03 1.410835988830162751e+04
4.399999999999999745e-02 9.019981806325542493e+03 1.454739596380753574e+04
4.499999999999999833e-02 9.262676086533358102e+03 1.499311486450084703e+04
4.599999999999999922e-02 9.506437295388584971e+03 1.544545904501362747e+04
4.700000000000000011e-02 9.751099106711240893e+03 1.590433976155460005e+04
4.800000000000000100e-02 9.996497743201769481e+03 1.636963920019107172e+04
4.899999999999999495e-02 1.024234215977362146e+04 1.684126376207976864e+04
4.999999999999999584e-02 1.048890980797920020e+04 1.731930963605612487e+04
