5.000000000000000104e-03 6.478647229067480851e+01 1.191743609696409436e+02
6.000000000000000125e-03 6.791941509343115513e+01 1.257155068128746933e+02
7.000000000000000146e-03 7.066158579467568757e+01 1.313500227075801092e+02
8.000000000000000167e-03 7.314953727184190768e+01 1.363984076710410989e+02
9.000000000000001055e-03 7.543338152490559878e+01 1.409884461748010267e+02
1.000000000000000021e-02 7.759481332626268113e+01 1.452927571240720113e+02
1.099999999999999936e-02 7.964114401020087541e+01 1.493394180257877224e+02
1.200000000000000025e-02 8.161937406887113866e+01 1.532249129528974834e+02
1.300000000000000114e-02 8.353955126007386411e+01 1.569743984646203216e+02
1.400000000000000203e-02 8.540680185535835278e+01 1.606010347987894704e+02
1.499999999999999944e-02 8.725055236771225964e+01 1.641648954465512418e+02
1.600000000000000033e-02 8.909201122713875520e+01 1.677089677366543299e+02
1.700000000000000122e-02 9.093926445015384274e+01 1.712504283086957173e+02
1.800000000000000211e-02 9.281201798583984441e+01 1.748277149748215891e+02
1.899999999999999953e-02 9.469754785096192506e+01 1.784176249424311038e+02
2.000000000000000042e-02 9.661438673765010776e+01 1.820565462084841499e+02
2.100000000000000130e-02 9.858502510827885601e+01 1.857878274554720690e+02
2.200000000000000219e-02 1.006253000736419239e+02 1.896414844815418235e+02
2.300000000000000308e-02 1.027119351306125168e+02 1.935753823317443505e+02
2.400000000000000050e-02 1.048972589780048139e+02 1.976878871784217893e+02
2.500000000000000139e-02 1.071714264041268052e+02 2.019618089794714990e+02
2.600000000000000228e-02 1.095562968784643232e+02 2.064382242763735746e+02
2.699999999999999969e-02 1.120715209775287775e+02 2.111551521613495481e+02
2.800000000000000058e-02 1.147297495990997334e+02 2.161369723083979864e+02
2.900000000000000147e-02 1.175559700268502326e+02 2.214313034506609768e+02
3.000000000000000236e-02 1.205715695287728408e+02 2.270792645323488159e+02
3.100000000000000325e-02 1.238072739213493350e+02 2.331393760154649897e+02
3.200000000000000067e-02 1.272946270413781917e+02 2.396718480239667599e+02
3.300000000000000155e-02 1.310663074510393926e+02 2.467398974892591070e+02
