5.000000000000000104e-03 6.998853677173811150e+01 1.191743609696409436e+02
6.000000000000000125e-03 7.282765092488155290e+01 1.257155068128746933e+02
7.000000000000000146e-03 7.535710383826669556e+01 1.313500227075801092e+02
8.000000000000000167e-03 7.769697116938401393e+01 1.363984076710410989e+02
9.000000000000001055e-03 7.988324218505444207e+01 1.409884461748010267e+02
1.000000000000000021e-02 8.199482209432625268e+01 1.452927571240720113e+02
1.099999999999999936e-02 8.402723597894178909e+01 1.493394180257877224e+02
1.200000000000000025e-02 8.602668469635560200e+01 1.532249129528974834e+02
1.300000000000000114e-02 8.799774544863809922e+01 1.569743984646203216e+02
1.400000000000000203e-02 8.994267404481777817e+01 1.606010347987894704e+02
1.499999999999999944e-02 9.188843817251037649e+01 1.641648954465512418e+02
1.600000000000000033e-02 9.385490920425164063e+01 1.677089677366543299e+02
1.700000000000000122e-02 9.584819233612219591e+01 1.712504283086957173e+02
1.800000000000000211e-02 9.788860554355234456e+01 1.748277149748215891e+02
1.899999999999999953e-02 9.995992123932789752e+01 1.784176249424311038e+02
2.000000000000000042e-02 1.020804439286798981e+02 1.820565462084841499e+02
2.100000000000000130e-02 1.042737262825062317e+02 1.857878274554720690e+02
2.200000000000000219e-02 1.065570900391140583e+02 1.896414844815418235e+02
2.300000000000000308e-02 1.088991679167714608e+02 1.935753823317443505e+02
2.400000000000000050e-02 1.113617401757955179e+02 1.976878871784217893e+02
2.500000000000000139e-02 1.139282951772051149e+02 2.019618089794714990e+02
2.600000000000000228e-02 1.166236981327143241e+02 2.064382242763735746e+02
2.699999999999999969e-02 1.194661643612916180e+02 2.111551521613495481e+02
2.800000000000000058e-02 1.224705066725824736e+02 2.161369723083979864e+02
2.900000000000000147e-02 1.256643834981339154e+02 2.214313034506609768e+02
3.000000000000000236e-02 1.290688111047605844e+02 2.270792645323488159e+02
3.100000000000000325e-02 1.327149252151186545e+02 2.331393760154649897e+02
3.200000000000000067e-02 1.366361861103881665e+02 2.396718480239667599e+02
3.300000000000000155e-02 1.408663862487708798e+02 2.467398974892591070e+02
