5.000000000000000104e-03 0.000000000000000000e+00
6.000000000000000125e-03 0.000000000000000000e+00
7.000000000000000146e-03 0.000000000000000000e+00
8.000000000000000167e-03 0.000000000000000000e+00
9.000000000000001055e-03 0.000000000000000000e+00
1.000000000000000021e-02 0.000000000000000000e+00
1.099999999999999936e-02 0.000000000000000000e+00
1.200000000000000025e-02 0.000000000000000000e+00
1.300000000000000114e-02 0.000000000000000000e+00
1.400000000000000203e-02 0.000000000000000000e+00
1.499999999999999944e-02 0.000000000000000000e+00
1.600000000000000033e-02 0.000000000000000000e+00
1.700000000000000122e-02 0.000000000000000000e+00
1.800000000000000211e-02 0.000000000000000000e+00
1.899999999999999953e-02 0.000000000000000000e+00
2.000000000000000042e-02 0.000000000000000000e+00
2.100000000000000130e-02 0.000000000000000000e+00
2.200000000000000219e-02 0.000000000000000000e+00
2.300000000000000308e-02 0.000000000000000000e+00
2.400000000000000050e-02 0.000000000000000000e+00
2.500000000000000139e-02 0.000000000000000000e+00
2.600000000000000228e-02 0.000000000000000000e+00
2.699999999999999969e-02 0.000000000000000000e+00
2.800000000000000058e-02 0.000000000000000000e+00
2.900000000000000147e-02 0.000000000000000000e+00
3.000000000000000236e-02 0.000000000000000000e+00
3.100000000000000325e-02 0.000000000000000000e+00
3.200000000000000067e-02 0.000000000000000000e+00
3.300000000000000155e-02 0.000000000000000000e+00
3.400000000000000244e-02 0.000000000000000000e+00
3.499999999999999639e-02 0.000000000000000000e+00
3.599999999999999728e-02 0.000000000000000000e+00
3.699999999999999817e-02 0.000000000000000000e+00
3.799999999999999906e-02 0.000000000000000000e+00
3.899999999999999994e-02 0.000000000000000000e+00
4.000000000000000083e-02 0.000000000000000000e+00
4.100000000000000172e-02 0.000000000000000000e+00
4.199999999999999567e-02 0.000000000000000000e+00
4.299999999999999656e-02 0.000000000000000000e+00
4.399999999999999745e-02 0.000000000000000000e+00
4.499999999999999833e-02 0.000000000000000000e+00
4.599999999999999922e-02 0.000000000000000000e+00
4.700000000000000011e-02 0.000000000000000000e+00
4.800000000000000100e-02 0.000000000000000000e+00
4.899999999999999495e-02 0.000000000000000000e+00
4.999999999999999584e-02 0.000000000000000000e+00
