5.000000000000000104e-03 2.722550709678822045e+02 3.977981151526503254e+02
6.000000000000000125e-03 3.675057397799596970e+02 5.561874650120552133e+02
7.000000000000000146e-03 4.715149089754593206e+02 7.350304472255857036e+02
8.000000000000000167e-03 5.830615511151278270e+02 9.321021160546937381e+02
9.000000000000001055e-03 7.010752336257729667e+02 1.145311970088441512e+03
1.000000000000000021e-02 8.246265642481808982e+02 1.372668769575017222e+03
1.099999999999999936e-02 9.529135278108223019e+02 1.612301009393459026e+03
1.200000000000000025e-02 1.085223326133609362e+03 1.862432886599091034e+03
1.300000000000000114e-02 1.220926241430815935e+03 2.121386229924052259e+03
1.400000000000000203e-02 1.359491189682598360e+03 2.387609984448519754e+03
1.499999999999999944e-02 1.500429098537015989e+03 2.659601046181377114e+03
1.600000000000000033e-02 1.643316591880086207e+03 2.935956379558864228e+03
1.700000000000000122e-02 1.787800300392013696e+03 3.215396788551689497e+03
1.800000000000000211e-02 1.933578988040081867e+03 3.496741315710657091e+03
1.899999999999999953e-02 2.080388873851479730e+03 3.778899283755138185e+03
2.000000000000000042e-02 2.228007874505535710e+03 4.060886999159919014e+03
2.100000000000000130e-02 2.376245383455176579e+03 4.341822444007370905e+03
2.200000000000000219e-02 2.524950831039622699e+03 4.620953175811057008e+03
2.300000000000000308e-02 2.674017702321898469e+03 4.897679925905810705e+03
2.400000000000000050e-02 2.823349825978106310e+03 5.171490609801491701e+03
2.500000000000000139e-02 2.972846534847549265e+03 5.441939906197796518e+03
2.600000000000000228e-02 3.122391425066891316e+03 5.708646059849917037e+03
2.699999999999999969e-02 3.271883766166748956e+03 5.971323237112997049e+03
2.800000000000000058e-02 3.421316050304401870e+03 6.229980712378988756e+03
2.900000000000000147e-02 3.570699067786370961e+03 6.484750767194774198e+03
3.000000000000000236e-02 3.720029625457495968e+03 6.735780495460335260e+03
3.100000000000000325e-02 3.869244525847991099e+03 6.983229112539054768e+03
3.200000000000000067e-02 4.018262937992506522e+03 7.227265922244845569e+03
3.300000000000000155e-02 4.166994327784126654e+03 7.468061953384857588e+03
3.400000000000000244e-02 4.315359256624023146e+03 7.705900429894802983e+03
3.499999999999999639e-02 4.463407691609066205e+03 7.941373231952707101e+03
3.599999999999999728e-02 4.611215047579763450e+03 8.175100796252169857e+03
3.699999999999999817e-02 4.758805279560986492e+03 8.407670217363100164e+03
3.799999999999999906e-02 4.906146608675018797e+03 8.639641839017742313e+03
3.899999999999999994e-02 5.053217161153674169e+03 8.871548968927712849e+03
4.000000000000000083e-02 5.199984521785532706e+03 9.103898890015711004e+03
4.100000000000000172e-02 5.346459089478817987e+03 9.337172131886471107e+03
4.199999999999999567e-02 5.492674620788581706e+03 9.571826033190960516e+03
4.299999999999999656e-02 5.638669016845029546e+03 9.808309221432222330e+03
4.399999999999999745e-02 5.784457755009026187e+03 1.004705066537729363e+04
4.499999999999999833e-02 5.929977108304550711e+03 1.028844976224594029e+04
4.599999999999999922e-02 6.075095489996862852e+03 1.053289286379132682e+04
4.700000000000000011e-02 6.219696737189208761e+03 1.078075247084971488e+04
4.800000000000000100e-02 6.363669025251177118e+03 1.103238370198432494e+04
4.899999999999999495e-02 6.506820035035584624e+03 1.128798257644763180e+04
4.999999999999999584e-02 6.649240478723655542e+03 1.154754125072980969e+04
