5.000000000000000104e-03 2.306186772711495792e+02 3.977981151526503254e+02
6.000000000000000125e-03 3.170690833590654734e+02 5.561874650120552133e+02
7.000000000000000146e-03 4.137837165882000363e+02 7.350304472255857036e+02
8.000000000000000167e-03 5.196026470932125676e+02 9.321021160546937381e+02
9.000000000000001055e-03 6.334273439031979933e+02 1.145311970088441512e+03
1.000000000000000021e-02 7.542200078897557205e+02 1.372668769575017222e+03
1.099999999999999936e-02 8.810144158009336479e+02 1.612301009393459026e+03
1.200000000000000025e-02 1.012899566149276779e+03 1.862432886599091034e+03
1.300000000000000114e-02 1.149023431624837713e+03 2.121386229924052259e+03
1.400000000000000203e-02 1.288609763896554568e+03 2.387609984448519754e+03
1.499999999999999944e-02 1.430913574470974481e+03 2.659601046181377114e+03
1.600000000000000033e-02 1.575249801336057544e+03 2.935956379558864228e+03
1.700000000000000122e-02 1.721004327786765089e+03 3.215396788551689497e+03
1.800000000000000211e-02 1.867619003194571405e+03 3.496741315710657091e+03
1.899999999999999953e-02 2.014586030720863164e+03 3.778899283755138185e+03
2.000000000000000042e-02 2.161456188987409860e+03 4.060886999159919014e+03
2.100000000000000130e-02 2.307834245481497419e+03 4.341822444007370905e+03
2.200000000000000219e-02 2.453391191989391245e+03 4.620953175811057008e+03
2.300000000000000308e-02 2.597874091398317432e+03 4.897679925905810705e+03
2.400000000000000050e-02 2.741071671774157039e+03 5.171490609801491701e+03
2.500000000000000139e-02 2.882802790798704791e+03 5.441939906197796518e+03
2.600000000000000228e-02 3.022911255945569337e+03 5.708646059849917037e+03
2.699999999999999969e-02 3.161285503514144239e+03 5.971323237112997049e+03
2.800000000000000058e-02 3.297952229052536950e+03 6.229980712378988756e+03
2.900000000000000147e-02 3.432988807971958067e+03 6.484750767194774198e+03
3.000000000000000236e-02 3.566477080426328030e+03 6.735780495460335260e+03
3.100000000000000325e-02 3.698484758037053780e+03 6.983229112539054768e+03
3.200000000000000067e-02 3.829076530396854650e+03 7.227265922244845569e+03
3.300000000000000155e-02 3.958313830348589818e+03 7.468061953384857588e+03
3.400000000000000244e-02 4.086297888419111132e+03 7.705900429894802983e+03
3.499999999999999639e-02 4.213270471715672102e+03 7.941373231952707101e+03
3.599999999999999728e-02 4.339486213736558966e+03 8.175100796252169857e+03
3.699999999999999817e-02 4.465166103304116405e+03 8.407670217363100164e+03
3.799999999999999906e-02 4.590494345410992537e+03 8.639641839017742313e+03
3.899999999999999994e-02 4.715642219958085661e+03 8.871548968927712849e+03
4.000000000000000083e-02 4.840758313961227941e+03 9.103898890015711004e+03
4.100000000000000172e-02 4.965992394952931136e+03 9.337172131886471107e+03
4.199999999999999567e-02 5.091490905692051456e+03 9.571826033190960516e+03
4.299999999999999656e-02 5.217393476356284737e+03 9.808309221432222330e+03
4.399999999999999745e-02 5.343819209180994221e+03 1.004705066537729363e+04
4.499999999999999833e-02 5.470845058403990151e+03 1.028844976224594029e+04
4.599999999999999922e-02 5.598507931860581266e+03 1.053289286379132682e+04
4.700000000000000011e-02 5.726839763925430816e+03 1.078075247084971488e+04
4.800000000000000100e-02 5.855862096516483689e+03 1.103238370198432494e+04
4.899999999999999495e-02 5.985496606391801834e+03 1.128798257644763180e+04
4.999999999999999584e-02 6.115742942194347052e+03 1.154754125072980969e+04
