1.000000000000000021e-03 9.851758164177143229e+00 9.901824647003659052e+00
2.000000000000000042e-03 1.365905428648113151e+01 1.376163954877219098e+01
3.000000000000000062e-03 1.537647305950701870e+01 1.550823094436397476e+01
4.000000000000000083e-03 1.644724467906318566e+01 1.659702882606633523e+01
5.000000000000000104e-03 1.717612833571515907e+01 1.733726229210061476e+01
6.000000000000000125e-03 1.774099678562145499e+01 1.791024008494391850e+01
7.000000000000000146e-03 1.820332786886650211e+01 1.837866333406641317e+01
8.000000000000000167e-03 1.859373336771361451e+01 1.877381706508213810e+01
9.000000000000001055e-03 1.893237934623960328e+01 1.911629775237478768e+01
1.000000000000000194e-02 1.923493428907706004e+01 1.942207419168344984e+01
1.099999999999999936e-02 1.950879795277781881e+01 1.969872234370414432e+01
1.200000000000000025e-02 1.975996801434537176e+01 1.995236573412536174e+01
1.300000000000000114e-02 1.999289830406224411e+01 2.018755453027087299e+01
1.400000000000000203e-02 2.021287934006755194e+01 2.040966758432637462e+01
1.499999999999999944e-02 2.042141179217424352e+01 2.062024783044037690e+01
1.600000000000000033e-02 2.062161154448458689e+01 2.082246379717063078e+01
1.700000000000000122e-02 2.081574954064096517e+01 2.101863714271664918e+01
1.800000000000000211e-02 2.100179301437717783e+01 2.120671062414652042e+01
1.900000000000000300e-02 2.118402983952264762e+01 2.139105203850477821e+01
2.000000000000000042e-02 2.136244605958321330e+01 2.157163763881080953e+01
2.100000000000000130e-02 2.153951823883760142e+01 2.175100136560005026e+01
2.200000000000000219e-02 2.171394633977244126e+01 2.192782625036171140e+01
2.299999999999999961e-02 2.188754830154801212e+01 2.210396987898225873e+01
2.400000000000000050e-02 2.206096891190081521e+01 2.228008876796732451e+01
2.500000000000000139e-02 2.223464697352029873e+01 2.245664419171353998e+01
2.600000000000000228e-02 2.240808145203854451e+01 2.263313252198511805e+01
2.700000000000000316e-02 2.258220744832907201e+01 2.281051259731348679e+01
2.800000000000000058e-02 2.275888133115867618e+01 2.299067717460512483e+01
2.900000000000000147e-02 2.293741078916490039e+01 2.317293196273549682e+01
3.000000000000000236e-02 2.311819716702141747e+01 2.335768781530347837e+01
3.099999999999999978e-02 2.330289512211573211e+01 2.354666080386505556e+01
3.200000000000000067e-02 2.348901735261125623e+01 2.373729054422893014e+01
3.300000000000000155e-02 2.367988352981902622e+01 2.393300788354035546e+01
3.400000000000000244e-02 2.387425438705824732e+01 2.413253062472878696e+01
3.500000000000000333e-02 2.407350925693578247e+01 2.433729621384534170e+01
3.600000000000000422e-02 2.427646573668446806e+01 2.454609986092275165e+01
3.700000000000000511e-02 2.448436013560966984e+01 2.476022332210906995e+01
3.799999999999999906e-02 2.469724656963964549e+01 2.497973232601909643e+01
3.899999999999999994e-02 2.491600278951988656e+01 2.520553672050475669e+01
4.000000000000000083e-02 2.513965758206627399e+01 2.543664873385219849e+01
4.100000000000000172e-02 2.536899562442254563e+01 2.567388488905880095e+01
4.200000000000000261e-02 2.560496136160635672e+01 2.591822751674065373e+01
4.300000000000000350e-02 2.584721997112995595e+01 2.616933942513890443e+01
4.400000000000000439e-02 2.609500595564374237e+01 2.642642961875173668e+01
4.499999999999999833e-02 2.635062744184946482e+01 2.669192144066134986e+01
4.599999999999999922e-02 2.661168245177034208e+01 2.696329746590248533e+01
4.700000000000000011e-02 2.688071697212527411e+01 2.724323282473052998e+01
4.800000000000000100e-02 2.715694724530954218e+01 2.753090449171515885e+01
4.900000000000000189e-02 2.744080315589910413e+01 2.782676569511233566e+01
5.000000000000000278e-02 2.773185968814581415e+01 2.813037488475897518e+01
5.100000000000000366e-02 2.803104780914570071e+01 2.844270893674726253e+01
5.200000000000000455e-02 2.833852214530205060e+01 2.876392217473370394e+01
5.300000000000000544e-02 2.865489692538196209e+01 2.909465476357138769e+01
5.399999999999999939e-02 2.897945253033577373e+01 2.943415385126386141e+01
5.500000000000000028e-02 2.931303412492018978e+01 2.978329630446029341e+01
5.600000000000000117e-02 2.965638570647998051e+01 3.014284894680309179e+01
5.700000000000000205e-02 3.001014075211221765e+01 3.051347552093204030e+01
5.800000000000000294e-02 3.037340774665128151e+01 3.089420210227941865e+01
5.900000000000000383e-02 3.074897737672447562e+01 3.128797568667507178e+01
6.000000000000000472e-02 3.113535506219262317e+01 3.169317685463503054e+01
6.099999999999999867e-02 3.153484191560270844e+01 3.211222921789443063e+01
6.199999999999999956e-02 3.194751667589893529e+01 3.254518891189446350e+01
6.300000000000000044e-02 3.237415403518225787e+01 3.299284455355859080e+01
6.400000000000000133e-02 3.281598284123010245e+01 3.345647661730404110e+01
6.500000000000000222e-02 3.327440260106649106e+01 3.393754088149803749e+01
