1.000000000000000021e-03 7.250951558344813641e-01
2.000000000000000042e-03 8.068016929037234997e-01
3.000000000000000062e-03 8.488334615767412217e-01
4.000000000000000083e-03 8.732760825449666919e-01
5.000000000000000104e-03 8.890185943649784317e-01
6.000000000000000125e-03 8.998816135744003297e-01
7.000000000000000146e-03 9.077433958779439482e-01
8.000000000000000167e-03 9.136153160856559374e-01
9.000000000000001055e-03 9.181087792920807900e-01
1.000000000000000194e-02 9.215985243850439712e-01
1.099999999999999936e-02 9.243286358667026636e-01
1.200000000000000025e-02 9.264655290395195086e-01
1.300000000000000114e-02 9.281264568801483872e-01
1.400000000000000203e-02 9.293945589655114858e-01
1.499999999999999944e-02 9.303306483230417978e-01
1.600000000000000033e-02 9.309802757912000182e-01
1.700000000000000122e-02 9.313780482152664852e-01
1.800000000000000211e-02 9.315502126904435798e-01
1.900000000000000300e-02 9.315173651664820920e-01
2.000000000000000042e-02 9.312959288858121409e-01
2.100000000000000130e-02 9.308992996657291519e-01
2.200000000000000219e-02 9.303385147804912325e-01
2.299999999999999961e-02 9.296230843205182115e-01
2.400000000000000050e-02 9.287612833151345226e-01
2.500000000000000139e-02 9.277607020293962004e-01
2.600000000000000228e-02 9.266290158494921991e-01
2.700000000000000316e-02 9.253730952067134030e-01
2.800000000000000058e-02 9.240005445157921660e-01
2.900000000000000147e-02 9.225189874949797364e-01
3.000000000000000236e-02 9.209356665796867292e-01
3.099999999999999978e-02 9.192596128981167514e-01
3.200000000000000067e-02 9.174997781269130792e-01
3.300000000000000155e-02 9.156646602675829749e-01
3.400000000000000244e-02 9.137643007751884427e-01
3.500000000000000333e-02 9.118087888876408309e-01
3.600000000000000422e-02 9.098074796094028915e-01
3.700000000000000511e-02 9.077712024155266679e-01
3.799999999999999906e-02 9.057123016584547326e-01
3.899999999999999994e-02 9.036422225350845272e-01
4.000000000000000083e-02 9.015712043158585765e-01
4.100000000000000172e-02 8.995071913787527906e-01
4.200000000000000261e-02 8.974564294891234084e-01
4.300000000000000350e-02 8.954247186365671407e-01
4.400000000000000439e-02 8.934178068784000004e-01
4.499999999999999833e-02 8.914447726098178038e-01
4.599999999999999922e-02 8.895166702347030441e-01
4.700000000000000011e-02 8.876434987007009170e-01
4.800000000000000100e-02 8.858341396802194012e-01
4.900000000000000189e-02 8.840906489070173846e-01
5.000000000000000278e-02 8.824060653998179182e-01
5.100000000000000366e-02 8.807724195186369398e-01
5.200000000000000455e-02 8.791823919036189094e-01
5.300000000000000544e-02 8.776311996083104860e-01
5.399999999999999939e-02 8.761140924993606749e-01
5.500000000000000028e-02 8.746265087320205245e-01
5.600000000000000117e-02 8.731639987673285308e-01
5.700000000000000205e-02 8.717222657401627606e-01
5.800000000000000294e-02 8.702954361210926137e-01
5.900000000000000383e-02 8.688765220312375526e-01
6.000000000000000472e-02 8.674593297780509582e-01
6.099999999999999867e-02 8.660379277967665823e-01
6.199999999999999956e-02 8.646057064607642895e-01
6.300000000000000044e-02 8.631545669405596977e-01
6.400000000000000133e-02 8.616768478769619710e-01
6.500000000000000222e-02 8.601653979322335664e-01
6.600000000000000311e-02 8.586128226371226857e-01
6.700000000000000400e-02 8.570086836946128050e-01
6.800000000000000488e-02 8.553423720017847565e-01
6.900000000000000577e-02 8.536040867531105025e-01
7.000000000000000666e-02 8.517843440728356530e-01
7.100000000000000755e-02 8.498766474319615627e-01
7.200000000000000844e-02 8.478756257350472669e-01
7.300000000000000933e-02 8.457764234247835411e-01
7.399999999999999634e-02 8.435744498049818629e-01
7.499999999999999722e-02 8.412663601363125077e-01
7.599999999999999811e-02 8.388510771546940914e-01
7.699999999999999900e-02 8.363278509984650722e-01
7.799999999999999989e-02 8.336958452943878939e-01
7.900000000000000078e-02 8.309551939356037975e-01
8.000000000000000167e-02 8.281099365690931524e-01
8.100000000000000255e-02 8.251650823394350853e-01
8.200000000000000344e-02 8.221255006672770760e-01
8.300000000000000433e-02 8.189959130784023600e-01
8.400000000000000522e-02 8.157825469745749736e-01
8.500000000000000611e-02 8.124922393307774104e-01
8.600000000000000699e-02 8.091318458700941241e-01
8.700000000000000788e-02 8.057081656318243468e-01
8.800000000000000877e-02 8.022285723580705463e-01
8.899999999999999578e-02 7.987023795387729885e-01
8.999999999999999667e-02 7.951388595338941823e-01
9.099999999999999756e-02 7.915469317377773484e-01
9.199999999999999845e-02 7.879358971811500911e-01
9.299999999999999933e-02 7.843162455651737641e-01
9.400000000000000022e-02 7.806984272060926155e-01
9.500000000000000111e-02 7.770932793371198022e-01
9.600000000000000200e-02 7.735106019715052295e-01
9.700000000000000289e-02 7.699602644954474107e-01
9.800000000000000377e-02 7.664526137393924410e-01
9.900000000000000466e-02 7.630006540579536978e-01
