1.000000000000000021e-03 1.357460018064975493e+01 1.360725187013839843e+01
2.000000000000000042e-03 5.086975005834860042e+01 5.104114578662123591e+01
3.000000000000000062e-03 1.105088342606180163e+02 1.110177588396713872e+02
4.000000000000000083e-03 1.903786179198358468e+02 1.914700799382229661e+02
5.000000000000000104e-03 2.884968490883049412e+02 2.904310731080569212e+02
6.000000000000000125e-03 4.030300817643624214e+02 4.060601325406723277e+02
7.000000000000000146e-03 5.322717053550916262e+02 5.366280619644622902e+02
8.000000000000000167e-03 6.746293182085445324e+02 6.805088739915493079e+02
9.000000000000001055e-03 8.286141212785938706e+02 8.361750047812233788e+02
1.000000000000000194e-02 9.928139444706293943e+02 1.002171299326852250e+03
1.099999999999999936e-02 1.165905383734583211e+03 1.177130036621777435e+03
1.200000000000000025e-02 1.346635295587600694e+03 1.359753435259295884e+03
1.300000000000000114e-02 1.533819635187268659e+03 1.548815021285666944e+03
1.400000000000000203e-02 1.726365107599887324e+03 1.743181139232537816e+03
1.499999999999999944e-02 1.923210992649518403e+03 1.941753192720576180e+03
1.600000000000000033e-02 2.123365548499596116e+03 2.143505685512656328e+03
1.700000000000000122e-02 2.325922968691726055e+03 2.347503567298388134e+03
1.800000000000000211e-02 2.530045125045397981e+03 2.552883559318951484e+03
1.900000000000000300e-02 2.734955169629293778e+03 2.758848348144694683e+03
2.000000000000000042e-02 2.939948956760204510e+03 2.964678783630548878e+03
2.100000000000000130e-02 3.144391295581203849e+03 3.169730011424461281e+03
2.200000000000000219e-02 3.347736932259256264e+03 3.373451840862639528e+03
2.299999999999999961e-02 3.549547691280192794e+03 3.575405979723242126e+03
2.400000000000000050e-02 3.749445212115688264e+03 3.775217875147897303e+03
2.500000000000000139e-02 3.947095402555403780e+03 3.972561781243360656e+03
2.600000000000000228e-02 4.142207029639274879e+03 4.167158491799230433e+03
2.700000000000000316e-02 4.334556308693361643e+03 4.358798889169325776e+03
2.800000000000000058e-02 4.524132146620718231e+03 4.547489399464022426e+03
2.900000000000000147e-02 4.711012297887727073e+03 4.733326362143392544e+03
3.000000000000000236e-02 4.895283865880948724e+03 4.916416957756468037e+03
3.099999999999999978e-02 5.077042037294374495e+03 5.096877428779402180e+03
3.200000000000000067e-02 5.256388767262218607e+03 5.274831496170823812e+03
3.300000000000000155e-02 5.433427435641563534e+03 5.450404161979170567e+03
3.400000000000000244e-02 5.608342936735520198e+03 5.623802533086127369e+03
3.500000000000000333e-02 5.781547934117731529e+03 5.795459066885103312e+03
3.600000000000000422e-02 5.953475457956204991e+03 5.965827053776919456e+03
3.700000000000000511e-02 6.124534561828594633e+03 6.135335624187592657e+03
3.799999999999999906e-02 6.295115952112977538e+03 6.304394626902674645e+03
3.899999999999999994e-02 6.465589930697033196e+03 6.473394200001478566e+03
4.000000000000000083e-02 6.636309713899924645e+03 6.642705474378984945e+03
4.100000000000000172e-02 6.807607410777733094e+03 6.812679885924822884e+03
4.200000000000000261e-02 6.979797409021964995e+03 6.983651806809434675e+03
4.300000000000000350e-02 7.153186913445423670e+03 7.155949245178958336e+03
4.400000000000000439e-02 7.328068147150748700e+03 7.329885905417720096e+03
4.499999999999999833e-02 7.504710231816358828e+03 7.505754319456662415e+03
4.599999999999999922e-02 7.683372106367210108e+03 7.683837891903051059e+03
4.700000000000000011e-02 7.864300624525490093e+03 7.864409950814253534e+03
4.800000000000000100e-02 8.047727971620832250e+03 8.047731153694895511e+03
4.900000000000000189e-02 8.233765664226220906e+03 8.233945452098350870e+03
5.000000000000000278e-02 8.422371950585858940e+03 8.423046849967651724e+03
5.100000000000000366e-02 8.613494813554792927e+03 8.615017704092666463e+03
5.200000000000000455e-02 8.807089645207104695e+03 8.809842331709734935e+03
5.300000000000000544e-02 9.003110485777177018e+03 9.007499429224362757e+03
5.399999999999999939e-02 9.201400141802043436e+03 9.207847020709215940e+03
5.500000000000000028e-02 9.401693763122895689e+03 9.410645116647656323e+03
5.600000000000000117e-02 9.603725301286938702e+03 9.615656609057146852e+03
5.700000000000000205e-02 9.807249244724365781e+03 9.822645786052866242e+03
5.800000000000000294e-02 1.001190694766183151e+04 1.003129429800361504e+04
5.900000000000000383e-02 1.021730381893614140e+04 1.024120916852607479e+04
6.000000000000000472e-02 1.042301499286346370e+04 1.045200247544445119e+04
6.099999999999999867e-02 1.062863366016069085e+04 1.066327780472881204e+04
6.199999999999999956e-02 1.083369127883924011e+04 1.087458342008550062e+04
6.300000000000000044e-02 1.103774310848647292e+04 1.108546226482685051e+04
6.400000000000000133e-02 1.124030684866737101e+04 1.129546455132442679e+04
6.500000000000000222e-02 1.144092106657500881e+04 1.150412797907387539e+04
6.600000000000000311e-02 1.163913548284224453e+04 1.171099230113543854e+04
6.700000000000000400e-02 1.183453566403674267e+04 1.191562894326166315e+04
6.800000000000000488e-02 1.202671015149708182e+04 1.211763173567760350e+04
6.900000000000000577e-02 1.221530513438697926e+04 1.231661699434937509e+04
7.000000000000000666e-02 1.239995351404782014e+04 1.251221323675403073e+04
7.100000000000000755e-02 1.258036036861113098e+04 1.270407902071564058e+04
7.200000000000000844e-02 1.275625635162922663e+04 1.289192876581137898e+04
7.300000000000000933e-02 1.292742935124141331e+04 1.307549302425562746e+04
7.399999999999999634e-02 1.309367605285196987e+04 1.325454968045489113e+04
7.499999999999999722e-02 1.325487200068116545e+04 1.342895957792374611e+04
7.599999999999999811e-02 1.341098699153539565e+04 1.359862116858776244e+04
7.699999999999999900e-02 1.356201360687562192e+04 1.376348520416146675e+04
7.799999999999999989e-02 1.370799815970946293e+04 1.392360420195446932e+04
7.900000000000000078e-02 1.384899622927777273e+04 1.407903929868447085e+04
8.000000000000000167e-02 1.398517659615126104e+04 1.422986718036301136e+04
8.100000000000000255e-02 1.411672202316604671e+04 1.437627698154529025e+04
8.200000000000000344e-02 1.424388030087639345e+04 1.451847597445188512e+04
8.300000000000000433e-02 1.436682600039903264e+04 1.465669864141476501e+04
8.400000000000000522e-02 1.448596996594868688e+04 1.479129253878713462e+04
8.500000000000000611e-02 1.460170504723532758e+04 1.492263469516902660e+04
8.600000000000000699e-02 1.471440389601910101e+04 1.505111049400898446e+04
8.700000000000000788e-02 1.482449574331868280e+04 1.517719877139600612e+04
8.800000000000000877e-02 1.493240930773979744e+04 1.530138439320516045e+04
8.899999999999999578e-02 1.503897254659545433e+04 1.542411597094534773e+04
8.999999999999999667e-02 1.514379684642985194e+04 1.554590242860962644e+04
9.099999999999999756e-02 1.524822384765209608e+04 1.566727921101928405e+04
9.199999999999999845e-02 1.535244077762593042e+04 1.578875940493628332e+04
9.299999999999999933e-02 1.545698256146938547e+04 1.591086646057874714e+04
9.400000000000000022e-02 1.556231803630837203e+04 1.603414418943330384e+04
9.500000000000000111e-02 1.566892905128880921e+04 1.615911546727716996e+04
9.600000000000000200e-02 1.577726655239016145e+04 1.628628651077099858e+04
9.700000000000000289e-02 1.588780241738325640e+04 1.641613623299747633e+04
9.800000000000000377e-02 1.600084766972173747e+04 1.654908210152001629e+04
9.900000000000000466e-02 1.611679666450812147e+04 1.668545816583815031e+04
