6.768356194999999983e-04 8.975041032495537863e+00 9.124754974813455988e+00
1.676835619500000128e-03 1.624845425171172053e+01 1.672420980318947059e+01
2.676835619500000148e-03 1.950189212569303976e+01 2.011031082034908124e+01
3.676835619500000169e-03 2.164548323554042497e+01 2.230513594495987917e+01
4.676835619499999756e-03 2.331432801486722184e+01 2.398717059516017613e+01
5.676835619499999777e-03 2.472323793402335212e+01 2.539022529839757780e+01
6.676835619499999798e-03 2.592980817060887944e+01 2.658203671449482641e+01
7.676835619499999819e-03 2.706471108728515063e+01 2.769586197984207843e+01
8.676835619500000707e-03 2.812826421719083925e+01 2.873369762514691317e+01
9.676835619500001595e-03 2.914750264639099697e+01 2.972788590330919334e+01
1.067683561950000075e-02 3.015631483045508432e+01 3.071029467334561502e+01
1.167683561949999990e-02 3.114901932935268647e+01 3.167785117967987674e+01
1.267683561950000079e-02 3.215620077782661923e+01 3.266544201590176755e+01
1.367683561950000168e-02 3.318431910992474343e+01 3.366889282493990976e+01
1.467683561950000083e-02 3.424450286966564505e+01 3.470938583740805683e+01
1.567683561949999999e-02 3.534965216861053250e+01 3.579708232399234902e+01
1.667683561950000087e-02 3.650858066050151507e+01 3.694069833335321107e+01
1.767683561950000176e-02 3.774341948142467373e+01 3.816225800499440624e+01
1.867683561950000265e-02 3.907979768068101833e+01 3.948698571799508983e+01
1.967683561950000007e-02 4.054047501935390585e+01 4.093249901799770640e+01
2.067683561950000096e-02 4.212983347302001391e+01 4.252068124861792597e+01
2.167683561950000184e-02 4.390808800088348818e+01 4.429459091162389228e+01
