6.768356194999999983e-04 5.641657396824912851e-01
1.676835619500000128e-03 7.147572477527048829e-01
2.676835619500000148e-03 7.755766834239218310e-01
3.676835619500000169e-03 8.075665743012242492e-01
4.676835619499999756e-03 8.269127034003592724e-01
5.676835619499999777e-03 8.390832569669068874e-01
6.676835619499999798e-03 8.470150239621516697e-01
7.676835619499999819e-03 8.519341523847706599e-01
8.676835619500000707e-03 8.548668783687156658e-01
9.676835619500001595e-03 8.560739997895505660e-01
1.067683561950000075e-02 8.561500888330143555e-01
1.167683561949999990e-02 8.550144268380411861e-01
1.267683561950000079e-02 8.533499355560936195e-01
1.367683561950000168e-02 8.503760917565872379e-01
1.467683561950000083e-02 8.469450781936785910e-01
1.567683561949999999e-02 8.427242933398786384e-01
1.667683561950000087e-02 8.380230288864694010e-01
1.767683561950000176e-02 8.326589251544036507e-01
1.867683561950000265e-02 8.268026760891357130e-01
1.967683561950000007e-02 8.205431994918847005e-01
2.067683561950000096e-02 8.139897805783347096e-01
2.167683561950000184e-02 8.068190182677356104e-01
2.267683561949999926e-02 7.994246128453897926e-01
2.367683561950000015e-02 7.921263666382238888e-01
2.467683561950000104e-02 7.842545129306673912e-01
2.567683561950000193e-02 7.767743651252131398e-01
2.667683561950000282e-02 7.688744229848819556e-01
2.767683561950000024e-02 7.615229091501927172e-01
2.867683561950000112e-02 7.539380629702348013e-01
2.967683561950000201e-02 7.466934330925316665e-01
3.067683561949999943e-02 7.396464013524297609e-01
3.167683561950000032e-02 7.321524009157835966e-01
3.267683561950000121e-02 7.252665397626569810e-01
3.367683561950000209e-02 7.194171503008426338e-01
