6.768356194999999983e-04 1.268693558914495156e+01 1.282138077452604996e+01
1.676835619500000128e-03 7.409162850229044750e+01 7.579968245716177933e+01
2.676835619500000148e-03 1.797137198749468041e+02 1.855338893068770290e+02
3.676835619500000169e-03 3.229266525078505765e+02 3.355685073322102880e+02
4.676835619499999756e-03 4.983874856511361600e+02 5.200535569775116755e+02
5.676835619499999777e-03 7.017182427928860307e+02 7.336840671333760611e+02
6.676835619499999798e-03 9.285235626176865935e+02 9.716271083179377683e+02
7.676835619499999819e-03 1.174595097804495936e+03 1.229434663672071792e+03
8.676835619500000707e-03 1.437943836433842762e+03 1.503017598076642571e+03
9.676835619500001595e-03 1.714035014753075984e+03 1.788654114288865458e+03
1.067683561950000075e-02 2.000667557574729244e+03 2.082888265954496092e+03
1.167683561949999990e-02 2.294460413447717656e+03 2.382605580716542136e+03
1.267683561950000079e-02 2.595541770867339892e+03 2.685044065711030726e+03
1.367683561950000168e-02 2.894318632952657026e+03 2.987764757045192709e+03
1.467683561950000083e-02 3.195892802573819608e+03 3.288678488609866235e+03
1.567683561949999999e-02 3.493657042197061401e+03 3.586153679730929071e+03
1.667683561950000087e-02 3.787830225379948843e+03 3.878934449457225128e+03
1.767683561950000176e-02 4.078433743671871071e+03 4.165992478644503535e+03
1.867683561950000265e-02 4.361024799284907203e+03 4.446635286346349858e+03
1.967683561950000007e-02 4.640167098937137780e+03 4.720928409643124724e+03
2.067683561950000096e-02 4.912880238593365902e+03 4.989177758040561457e+03
2.167683561950000184e-02 5.178896378549370638e+03 5.251728802928453661e+03
2.267683561949999926e-02 5.439516684894671016e+03 5.508960205198249241e+03
2.367683561950000015e-02 5.694811769508327416e+03 5.761722975293375384e+03
2.467683561950000104e-02 5.947318600732745836e+03 6.011419183585340761e+03
2.567683561950000193e-02 6.198409690530832449e+03 6.259396000000712775e+03
2.667683561950000282e-02 6.448615602544397007e+03 6.506905049972385314e+03
2.767683561950000024e-02 6.699423328308182136e+03 6.755108169403053580e+03
2.867683561950000112e-02 6.953078887018163186e+03 7.005088684550792095e+03
2.967683561950000201e-02 7.206543400100343206e+03 7.257869699606770155e+03
3.067683561949999943e-02 7.465034886328684479e+03 7.514411979271374548e+03
3.167683561950000032e-02 7.727862096028120504e+03 7.775619355859687857e+03
3.267683561950000121e-02 7.996725869458592570e+03 8.042332597568877645e+03
3.367683561950000209e-02 8.271663613485299720e+03 8.314959423510452325e+03
