6.768356194999999983e-04 5.696842444855040988e+00 9.466576760792065670e+00
1.676835619500000128e-03 7.389010109300551576e+00 1.677867294134743403e+01
2.676835619500000148e-03 8.001756866139084323e+00 2.013234156405897224e+01
3.676835619500000169e-03 8.406884156324824886e+00 2.231832778127958861e+01
4.676835619499999756e-03 8.737304384634102306e+00 2.399672911538790032e+01
5.676835619499999777e-03 9.032462854227135907e+00 2.539791170245959151e+01
6.676835619499999798e-03 9.300687694916813797e+00 2.658863490437423849e+01
7.676835619499999819e-03 9.569895560694988035e+00 2.770176410200902595e+01
8.676835619500000707e-03 9.840478378055564690e+00 2.873913485139664914e+01
9.676835619500001595e-03 1.012206425890883565e+01 2.973300066137532838e+01
1.067683561950000075e-02 1.042082021046949869e+01 3.071517444303638911e+01
1.167683561949999990e-02 1.074177600618856943e+01 3.168256581312668274e+01
1.267683561950000079e-02 1.109222678410307417e+01 3.267003400675076819e+01
1.367683561950000168e-02 1.147691948658293803e+01 3.367340059633767879e+01
1.467683561950000083e-02 1.190222379823990728e+01 3.471383715823689897e+01
1.567683561949999999e-02 1.237475517934275793e+01 3.580150126895652818e+01
1.667683561950000087e-02 1.289720849147766124e+01 3.694510645705171470e+01
1.767683561950000176e-02 1.347691068217758570e+01 3.816667352062371776e+01
1.867683561950000265e-02 1.412309490158101610e+01 3.949142540104017485e+01
1.967683561950000007e-02 1.485136694429069060e+01 4.093698033742190745e+01
2.067683561950000096e-02 1.564403205816739018e+01 4.252522317498809912e+01
2.167683561950000184e-02 1.654083812183461433e+01 4.429921297387738122e+01
