6.768356194999999983e-04 7.245254675363016483e-01
1.676835619500000128e-03 8.269883125585573147e-01
2.676835619500000148e-03 8.689057582637070842e-01
3.676835619500000169e-03 8.902902930222239553e-01
4.676835619499999756e-03 9.029629716621596636e-01
5.676835619499999777e-03 9.109748240982232792e-01
6.676835619499999798e-03 9.161371021767035216e-01
7.676835619499999819e-03 9.194338004256221719e-01
8.676835619500000707e-03 9.215123253925741054e-01
9.676835619500001595e-03 9.225196867631177966e-01
1.067683561950000075e-02 9.227176778413904712e-01
1.167683561949999990e-02 9.223118338532695359e-01
1.267683561950000079e-02 9.213246308810189023e-01
1.367683561950000168e-02 9.197874311550209292e-01
1.467683561950000083e-02 9.178265008734273200e-01
1.567683561949999999e-02 9.154749633063399283e-01
1.667683561950000087e-02 9.124805607892975123e-01
1.767683561950000176e-02 9.092339872756380892e-01
1.867683561950000265e-02 9.058282539073252426e-01
1.967683561950000007e-02 9.018486016969331498e-01
2.067683561950000096e-02 8.975636026321782701e-01
2.167683561950000184e-02 8.930226119067304902e-01
2.267683561949999926e-02 8.883344384508023994e-01
2.367683561950000015e-02 8.834132261790572649e-01
2.467683561950000104e-02 8.782951460316359427e-01
2.567683561950000193e-02 8.731537695157199908e-01
2.667683561950000282e-02 8.679063933680172260e-01
2.767683561950000024e-02 8.625864940204676090e-01
2.867683561950000112e-02 8.571799548190794926e-01
2.967683561950000201e-02 8.518686842138105675e-01
3.067683561949999943e-02 8.467429619650949091e-01
3.167683561950000032e-02 8.417600653962804547e-01
3.267683561950000121e-02 8.366369736666148249e-01
3.367683561950000209e-02 8.318492921124759354e-01
