6.768356194999999983e-04 1.254541207779361400e+01 1.353839321785074823e+01
1.676835619500000128e-03 6.547905720655327855e+01 7.650631653114638198e+01
2.676835619500000148e-03 1.504886193450812186e+02 1.862389350558031538e+02
3.676835619500000169e-03 2.601374224120617100e+02 3.362726339146626628e+02
4.676835619499999756e-03 3.899258337865429098e+02 5.207569144785582012e+02
5.676835619499999777e-03 5.361403585997851451e+02 7.343867081014902851e+02
6.676835619499999798e-03 6.951672805975439360e+02 9.723290582607770602e+02
7.676835619499999819e-03 8.649970850301992868e+02 1.230135939149848355e+03
8.676835619500000707e-03 1.045544755583074220e+03 1.503718212898965930e+03
9.676835619500001595e-03 1.232012180382412907e+03 1.789354081647475596e+03
1.067683561950000075e-02 1.424223034999407673e+03 2.083587599971433519e+03
1.167683561949999990e-02 1.623486511799434311e+03 2.383304296370007251e+03
1.267683561950000079e-02 1.824995935313472955e+03 2.685742179846318322e+03
1.367683561950000168e-02 2.028731869179637897e+03 2.988462288701125090e+03
1.467683561950000083e-02 2.235363319382576265e+03 3.289375457958366951e+03
1.567683561949999999e-02 2.447140333583633037e+03 3.586850109540148424e+03
1.667683561950000087e-02 2.653594431469914980e+03 3.879630365286075175e+03
1.767683561950000176e-02 2.863670798854006534e+03 4.166687907442567848e+03
1.867683561950000265e-02 3.077914546465264266e+03 4.447330256272638508e+03
1.967683561950000007e-02 3.285339939970288015e+03 4.721622952251230345e+03
2.067683561950000096e-02 3.494888489214867604e+03 4.989871907592057141e+03
2.167683561950000184e-02 3.702794071350494050e+03 5.252422595168049156e+03
2.267683561949999926e-02 3.907405106726017493e+03 5.509653676500382971e+03
2.367683561950000015e-02 4.112598073836957155e+03 5.762416162375126987e+03
2.467683561950000104e-02 4.316033929038654605e+03 6.012112123384687948e+03
2.567683561950000193e-02 4.528294485482405435e+03 6.260088729279368636e+03
2.667683561950000282e-02 4.729343935006391803e+03 6.507597605016581838e+03
2.767683561950000024e-02 4.933041269601088061e+03 6.755800585814723490e+03
2.867683561950000112e-02 5.133909760934642691e+03 7.005780996714443972e+03
2.967683561950000201e-02 5.337175909922884784e+03 7.258561939242463268e+03
3.067683561949999943e-02 5.541927937074755391e+03 7.515104175388143631e+03
3.167683561950000032e-02 5.744973803657737335e+03 7.776311535067668956e+03
3.267683561950000121e-02 5.948148252222882547e+03 8.043024784349553556e+03
3.367683561950000209e-02 6.157036477695887697e+03 8.315651640537336789e+03
