6.768356194999999983e-04 2.378067622771750864e-02 6.196710057410659722e+00
1.676835619500000128e-03 2.388390939559431603e-02 1.136566639361217668e+01
2.676835619500000148e-03 2.398013550373409575e-02 1.366803367028501626e+01
3.676835619500000169e-03 2.411314569318282267e-02 1.516008330055287345e+01
4.676835619499999756e-03 2.436386639504324603e-02 1.630339536573092474e+01
5.676835619499999777e-03 2.547270375891961744e-02 1.725700279982528329e+01
6.676835619499999798e-03 3.490957576463733780e-02 1.806699117393417353e+01
7.676835619499999819e-03 1.029862353982096551e-01 1.882394335985162215e+01
8.676835619500000707e-03 1.414776969110217997e-01 1.952922876043963996e+01
9.676835619500001595e-03 1.687304545306435033e-01 2.020483369408547958e+01
1.067683561950000075e-02 1.904439442775833213e-01 2.087241845219710257e+01
1.167683561949999990e-02 2.080497416873793581e-01 2.152989830188684905e+01
1.267683561950000079e-02 2.233685312316998073e-01 2.220098143332295493e+01
1.367683561950000168e-02 2.369355729104752062e-01 2.288283337039770871e+01
1.467683561950000083e-02 2.493089479231157812e-01 2.358984875563433548e+01
1.567683561949999999e-02 2.608069217877377888e-01 2.432893338291225760e+01
1.667683561950000087e-02 2.716966092377117170e-01 2.510601174302735572e+01
1.767683561950000176e-02 2.823478581119667763e-01 2.593604985834577548e+01
1.867683561950000265e-02 2.930336589675184289e-01 2.683618776558858698e+01
1.967683561950000007e-02 3.040312073591373565e-01 2.781839833937785045e+01
2.067683561950000096e-02 3.152186036334888031e-01 2.889755403569978043e+01
2.167683561950000184e-02 3.272309373188878046e-01 3.010291307307751651e+01
