6.768356194999999983e-04 7.215908284490225588e-01
1.676835619500000128e-03 8.435027112479549505e-01
2.676835619500000148e-03 8.850500215270309390e-01
3.676835619500000169e-03 9.057259966134134643e-01
4.676835619499999756e-03 9.178798902020470774e-01
5.676835619499999777e-03 9.256873601009935060e-01
6.676835619499999798e-03 9.309497705576875726e-01
7.676835619499999819e-03 9.345664308915636598e-01
8.676835619500000707e-03 9.370352935819253881e-01
9.676835619500001595e-03 9.386551058689184268e-01
1.067683561950000075e-02 9.396093284826056991e-01
1.167683561949999990e-02 9.400198575092997277e-01
1.267683561950000079e-02 9.399700073452412763e-01
1.367683561950000168e-02 9.395173408452249797e-01
1.467683561950000083e-02 9.387047179921416129e-01
1.567683561949999999e-02 9.375673771712053073e-01
1.667683561950000087e-02 9.361338964409707808e-01
1.767683561950000176e-02 9.344259385313116173e-01
1.867683561950000265e-02 9.324637407511909837e-01
1.967683561950000007e-02 9.302782517630910908e-01
2.067683561950000096e-02 9.278984273962815887e-01
2.167683561950000184e-02 9.253483515735153597e-01
2.267683561949999926e-02 9.226487637481237680e-01
2.367683561950000015e-02 9.198299569423308286e-01
2.467683561950000104e-02 9.169339156576543637e-01
2.567683561950000193e-02 9.139984956081074197e-01
2.667683561950000282e-02 9.110570323676903115e-01
2.767683561950000024e-02 9.081388590064102262e-01
2.867683561950000112e-02 9.052701912049958555e-01
2.967683561950000201e-02 9.024755642154590474e-01
3.067683561949999943e-02 8.997764194648558700e-01
3.167683561950000032e-02 8.971910291219621358e-01
3.267683561950000121e-02 8.947340857159951089e-01
3.367683561950000209e-02 8.924077091298757702e-01
