6.768356194999999983e-04 3.386597666231211390e-01 8.704088609014828393e+00
1.676835619500000128e-03 8.008634975031839742e-01 5.150069059999051291e+01
2.676835619500000148e-03 1.124888731570655720e+00 1.260834001796940242e+02
3.676835619500000169e-03 1.230294416268189028e+00 2.280632099752847068e+02
4.676835619499999756e-03 1.055298071371256752e+00 3.534627576239914788e+02
5.676835619499999777e-03 5.551892061848264781e-01 4.986751920722069258e+02
6.676835619499999798e-03 2.990596215575088701e-01 6.604145696314089946e+02
7.676835619499999819e-03 1.521781042842291320e+00 8.356566141394699798e+02
8.676835619500000707e-03 3.113557144327213866e+00 1.021621023683990302e+03
9.676835619500001595e-03 5.063259387301232373e+00 1.215777226241482822e+03
1.067683561950000075e-02 7.346957357624557261e+00 1.415775367356324523e+03
1.167683561949999990e-02 9.932117290997281245e+00 1.619497739840202030e+03
1.267683561950000079e-02 1.277638012338871754e+01 1.825066268973279421e+03
1.367683561950000168e-02 1.582932741646790653e+01 2.030822487290296522e+03
1.467683561950000083e-02 1.903885902448314127e+01 2.235345742312293169e+03
1.567683561949999999e-02 2.234657884464042255e+01 2.437526499980698645e+03
1.667683561950000087e-02 2.569136903281512474e+01 2.636510666552145722e+03
1.767683561950000176e-02 2.901552237939461421e+01 2.831598855687812375e+03
1.867683561950000265e-02 3.226428968071716952e+01 3.022320028737746725e+03
1.967683561950000007e-02 3.538333433559952113e+01 3.208718616765626848e+03
2.067683561950000096e-02 3.832367498491790059e+01 3.391002509644880774e+03
2.167683561950000184e-02 4.104291964231226331e+01 3.569406499937860644e+03
2.267683561949999926e-02 4.350491252287031330e+01 3.744187953639692296e+03
2.367683561950000015e-02 4.568669455385123257e+01 3.915925491432741637e+03
2.467683561950000104e-02 4.758039592905258530e+01 4.085572546141157545e+03
2.567683561950000193e-02 4.918315312547714768e+01 4.254045261015334290e+03
2.667683561950000282e-02 5.049544550782041341e+01 4.422194846439819230e+03
2.767683561950000024e-02 5.152022995999517718e+01 4.590811490979524933e+03
2.867683561950000112e-02 5.226528668009518697e+01 4.760632030450852653e+03
2.967683561950000201e-02 5.275076308762520938e+01 4.932352385327320917e+03
3.067683561949999943e-02 5.299916272066661094e+01 5.106626112997931159e+03
3.167683561950000032e-02 5.303212686124351194e+01 5.284068079367571954e+03
3.267683561950000121e-02 5.286935574730465959e+01 5.465250282674824120e+03
3.367683561950000209e-02 5.252008128368228768e+01 5.650450181664704360e+03
