6.768356194999999983e-04 1.352016343994634084e+01 1.399612622977377541e+01
1.676835619500000128e-03 2.375974927591133223e+01 2.508550143844409064e+01
2.676835619500000148e-03 2.853099216884520573e+01 3.012240398437029043e+01
3.676835619500000169e-03 3.176992766468270801e+01 3.339910176362173644e+01
4.676835619499999756e-03 3.434706956358269991e+01 3.591321347877873649e+01
5.676835619499999777e-03 3.655737208608088196e+01 3.801140100003397038e+01
6.676835619499999798e-03 3.846848633325306821e+01 3.979413238946303011e+01
7.676835619499999819e-03 4.027271647743483385e+01 4.146048784237392937e+01
8.676835619500000707e-03 4.196525124765523884e+01 4.301331043754500882e+01
9.676835619500001595e-03 4.358302149364678257e+01 4.450092615494822468e+01
1.067683561950000075e-02 4.517565235738887708e+01 4.597098015872558108e+01
1.167683561949999990e-02 4.673373599716967419e+01 4.741886030958279719e+01
1.267683561950000079e-02 4.830815662254821774e+01 4.889675287278656413e+01
1.367683561950000168e-02 4.990639349511042866e+01 5.039840911849906036e+01
1.467683561950000083e-02 5.154440026276175502e+01 5.195552069703366982e+01
1.567683561949999999e-02 5.324156258595707669e+01 5.358329247890339531e+01
1.667683561950000087e-02 5.501271699112294300e+01 5.529476856229128856e+01
1.767683561950000176e-02 5.689252291633410863e+01 5.712290699650161940e+01
1.867683561950000265e-02 5.891927777596271909e+01 5.910545640843768211e+01
1.967683561950000007e-02 6.112003277191102057e+01 6.126878556363888606e+01
2.067683561950000096e-02 6.352815396817306492e+01 6.364564932731880020e+01
2.167683561950000184e-02 6.620979580180835455e+01 6.630048814949449820e+01
