6.768356194999999983e-04 5.601823793138434038e-01
1.676835619500000128e-03 6.954447225284307033e-01
2.676835619500000148e-03 7.562776522392590239e-01
3.676835619500000169e-03 7.894169452837582757e-01
4.676835619499999756e-03 8.094637290171784461e-01
5.676835619499999777e-03 8.221082002175431613e-01
6.676835619499999798e-03 8.303069395666260455e-01
7.676835619499999819e-03 8.354080294815496854e-01
8.676835619500000707e-03 8.384363469665921942e-01
9.676835619500001595e-03 8.396584143003007483e-01
1.067683561950000075e-02 8.394969652417862971e-01
1.167683561949999990e-02 8.383096357257017184e-01
1.267683561950000079e-02 8.359728640168038183e-01
1.367683561950000168e-02 8.326831076962276645e-01
1.467683561950000083e-02 8.287144398957356772e-01
1.567683561949999999e-02 8.241384729200101900e-01
1.667683561950000087e-02 8.187248128005414349e-01
1.767683561950000176e-02 8.128965051808713094e-01
1.867683561950000265e-02 8.064757626329006612e-01
1.967683561950000007e-02 7.996250496398016328e-01
2.067683561950000096e-02 7.923409958632989802e-01
2.167683561950000184e-02 7.846266198469378228e-01
2.267683561949999926e-02 7.768523659652221136e-01
2.367683561950000015e-02 7.686500531880571252e-01
2.467683561950000104e-02 7.601711339631267439e-01
2.567683561950000193e-02 7.520741426230627136e-01
2.667683561950000282e-02 7.436494880823933951e-01
2.767683561950000024e-02 7.355586003234253489e-01
2.867683561950000112e-02 7.272681362936395111e-01
2.967683561950000201e-02 7.192766011056382913e-01
3.067683561949999943e-02 7.118040148019576518e-01
3.167683561950000032e-02 7.038931236720369355e-01
3.267683561950000121e-02 6.967181873916030721e-01
3.367683561950000209e-02 6.895201717055995383e-01
