6.768356194999999983e-04 1.942689007757566699e+01 1.989514554016317760e+01
1.676835619500000128e-03 1.085170025049428801e+02 1.141395752089383535e+02
2.676835619500000148e-03 2.598274980352265402e+02 2.783858571185096480e+02
3.676835619500000169e-03 4.639293361766486328e+02 5.029616516590818378e+02
4.676835619499999756e-03 7.136494988680246934e+02 7.791085950098511148e+02
5.676835619499999777e-03 1.004124298512310361e+03 1.098884629746430164e+03
6.676835619499999798e-03 1.331819960787976925e+03 1.455054413359475802e+03
7.676835619499999819e-03 1.690311433556111979e+03 1.840958822941089466e+03
8.676835619500000707e-03 2.077605231467226986e+03 2.250475978585527628e+03
9.676835619500001595e-03 2.492469460879920007e+03 2.678033906473166553e+03
1.067683561950000075e-02 2.924250031230963032e+03 3.118458589861651944e+03
1.167683561949999990e-02 3.370655795279789345e+03 3.567087198258347598e+03
1.267683561950000079e-02 3.827959984117903332e+03 4.019784567807324038e+03
1.367683561950000168e-02 4.289290155560744097e+03 4.472899108583864290e+03
1.467683561950000083e-02 4.755960115698194386e+03 4.923302887873995132e+03
1.567683561949999999e-02 5.218863216704476145e+03 5.368553022824029540e+03
1.667683561950000087e-02 5.673387244831465068e+03 5.806769084843188466e+03
1.767683561950000176e-02 6.123418680983819286e+03 6.236411306369432168e+03
1.867683561950000265e-02 6.562072030590572467e+03 6.656442709708243456e+03
1.967683561950000007e-02 6.989580540103171188e+03 7.066961249581860102e+03
2.067683561950000096e-02 7.405519825775622849e+03 7.468424773794136854e+03
2.167683561950000184e-02 7.811913174584600711e+03 7.861350361938212700e+03
2.267683561949999926e-02 8.209612884413270876e+03 8.246304790059199149e+03
2.367683561950000015e-02 8.597878956706488680e+03 8.624562110432731060e+03
2.467683561950000104e-02 8.978734085294543547e+03 8.998221541111384795e+03
2.567683561950000193e-02 9.356677222890873963e+03 9.369300157040053818e+03
2.667683561950000282e-02 9.731465144514711938e+03 9.739672030895153512e+03
2.767683561950000024e-02 1.010666316736885892e+04 1.011107684656211313e+04
2.867683561950000112e-02 1.048335489595796025e+04 1.048513678551047451e+04
2.967683561950000201e-02 1.086302023397227094e+04 1.086338390848463132e+04
3.067683561949999943e-02 1.124725151610133253e+04 1.124725697662484527e+04
3.167683561950000032e-02 1.163755460927730201e+04 1.163810954069916261e+04
3.267683561950000121e-02 1.203485585351498594e+04 1.203720075218464808e+04
3.367683561950000209e-02 1.243978671008176025e+04 1.244514131556860411e+04
