5.000000000000000104e-03 9.612470765616323831e+01 1.583405014548662564e+02
6.000000000000000125e-03 1.002301497641665264e+02 1.661122649823023494e+02
7.000000000000000146e-03 1.040188184557038653e+02 1.731529898236027520e+02
8.000000000000000167e-03 1.076062154911225406e+02 1.797169974349607457e+02
9.000000000000001055e-03 1.110128888222935188e+02 1.858744898355384976e+02
1.000000000000000021e-02 1.143388648900685922e+02 1.918121218843728570e+02
1.099999999999999936e-02 1.175661990772191103e+02 1.975198439747292412e+02
1.200000000000000025e-02 1.207575078675327660e+02 2.031113920718288739e+02
1.300000000000000114e-02 1.239150549685954985e+02 2.086000177634421391e+02
1.400000000000000203e-02 1.270370532555832739e+02 2.139875745580193893e+02
1.499999999999999944e-02 1.301645668354839245e+02 2.193502938156333641e+02
1.600000000000000033e-02 1.333279581258528879e+02 2.247438255590462575e+02
1.700000000000000122e-02 1.365359152424669560e+02 2.301862824730389150e+02
1.800000000000000211e-02 1.398203959985213203e+02 2.357330530448744526e+02
1.899999999999999953e-02 1.431531479883379916e+02 2.413390300443442129e+02
2.000000000000000042e-02 1.465636389160534350e+02 2.470561933984455720e+02
2.100000000000000130e-02 1.500905960402036214e+02 2.529510163063951325e+02
2.200000000000000219e-02 1.537621137322596212e+02 2.590705937114762492e+02
2.300000000000000308e-02 1.575247849841105960e+02 2.653314494417388119e+02
2.400000000000000050e-02 1.614815894524617477e+02 2.719021662376248969e+02
2.500000000000000139e-02 1.656039937087458043e+02 2.787407787291825798e+02
2.600000000000000228e-02 1.699324524593581600e+02 2.859140850964125775e+02
2.699999999999999969e-02 1.744967094368627443e+02 2.934741565851234100e+02
2.800000000000000058e-02 1.793197929477223056e+02 3.014610772306489821e+02
2.900000000000000147e-02 1.844467793214406584e+02 3.099513870834181830e+02
3.000000000000000236e-02 1.899103646704321591e+02 3.190019083900259034e+02
3.100000000000000325e-02 1.957601517010999146e+02 3.286972473402327068e+02
3.200000000000000067e-02 2.020486456650271521e+02 3.391270615923225478e+02
3.300000000000000155e-02 2.088270200286610248e+02 3.503806459700537630e+02
