5.000000000000000104e-03 1.070477426794481204e+02 1.583405014548662564e+02
6.000000000000000125e-03 1.118224984646544726e+02 1.661122649823023494e+02
7.000000000000000146e-03 1.161133081343754725e+02 1.731529898236027520e+02
8.000000000000000167e-03 1.200928430244431695e+02 1.797169974349607457e+02
9.000000000000001055e-03 1.238117790271939640e+02 1.858744898355384976e+02
1.000000000000000021e-02 1.273920739194734750e+02 1.918121218843728570e+02
1.099999999999999936e-02 1.308283786935942317e+02 1.975198439747292412e+02
1.200000000000000025e-02 1.341936627439322365e+02 2.031113920718288739e+02
1.300000000000000114e-02 1.374966607282625546e+02 2.086000177634421391e+02
1.400000000000000203e-02 1.407402599014222915e+02 2.139875745580193893e+02
1.499999999999999944e-02 1.439705429543993773e+02 2.193502938156333641e+02
1.600000000000000033e-02 1.472211305969163107e+02 2.247438255590462575e+02
1.700000000000000122e-02 1.505029767538765952e+02 2.301862824730389150e+02
1.800000000000000211e-02 1.538495584745742519e+02 2.357330530448744526e+02
1.899999999999999953e-02 1.572344754820142612e+02 2.413390300443442129e+02
2.000000000000000042e-02 1.606887685477988157e+02 2.470561933984455720e+02
2.100000000000000130e-02 1.642518900715955112e+02 2.529510163063951325e+02
2.200000000000000219e-02 1.679520325577979349e+02 2.590705937114762492e+02
2.300000000000000308e-02 1.717400431382671115e+02 2.653314494417388119e+02
2.400000000000000050e-02 1.757158556950244872e+02 2.719021662376248969e+02
2.500000000000000139e-02 1.798548229529242803e+02 2.787407787291825798e+02
2.600000000000000228e-02 1.841970962988187352e+02 2.859140850964125775e+02
2.699999999999999969e-02 1.887736234242697435e+02 2.934741565851234100e+02
2.800000000000000058e-02 1.936089518322540357e+02 3.014610772306489821e+02
2.900000000000000147e-02 1.987487730291285857e+02 3.099513870834181830e+02
3.000000000000000236e-02 2.042278236716589106e+02 3.190019083900259034e+02
3.100000000000000325e-02 2.100972038213595283e+02 3.286972473402327068e+02
3.200000000000000067e-02 2.164115520598577973e+02 3.391270615923225478e+02
3.300000000000000155e-02 2.232261598918163941e+02 3.503806459700537630e+02
