5.000000000000000104e-03 3.670315509176532487e+02 5.629452545307821083e+02
6.000000000000000125e-03 4.874429598026844133e+02 7.611399848129150314e+02
7.000000000000000146e-03 6.200069523931882713e+02 9.820959574176686147e+02
8.000000000000000167e-03 7.635857794314639477e+02 1.223698860123009808e+03
9.000000000000001055e-03 9.170756817228096907e+02 1.483918555490050267e+03
1.000000000000000021e-02 1.079464155799185164e+03 1.760853491902657424e+03
1.099999999999999936e-02 1.249832649444878825e+03 2.052744437826025205e+03
1.200000000000000025e-02 1.427321865558498075e+03 2.357928965546431755e+03
1.300000000000000114e-02 1.611138410894349363e+03 2.674848176468174188e+03
1.400000000000000203e-02 1.800584509769996430e+03 3.002092949243072326e+03
1.499999999999999944e-02 1.994989869519341710e+03 3.338296179859416043e+03
1.600000000000000033e-02 2.193749999770327122e+03 3.682197338752913311e+03
1.700000000000000122e-02 2.396342184305972296e+03 4.032672834016281286e+03
1.800000000000000211e-02 2.602303686200932134e+03 4.388701546090022930e+03
1.899999999999999953e-02 2.811220766153134718e+03 4.749351820705430328e+03
2.000000000000000042e-02 3.022740368030251830e+03 5.113801210758771958e+03
2.100000000000000130e-02 3.236561216078247071e+03 5.481327393010098604e+03
2.200000000000000219e-02 3.452450289287094165e+03 5.851341072171234373e+03
2.300000000000000308e-02 3.670255964843982383e+03 6.223414975106059501e+03
2.400000000000000050e-02 3.889857181869610940e+03 6.597194515388843683e+03
2.500000000000000139e-02 4.111150847913563666e+03 6.972380540188833038e+03
2.600000000000000228e-02 4.334030218329044146e+03 7.348699045305816071e+03
2.699999999999999969e-02 4.558432175152461241e+03 7.725974615351748980e+03
2.800000000000000058e-02 4.784450870498357290e+03 8.104353734424666982e+03
2.900000000000000147e-02 5.012224667135774325e+03 8.484096239184740625e+03
3.000000000000000236e-02 5.241882662615810659e+03 8.865465244363505917e+03
3.100000000000000325e-02 5.473478415984604908e+03 9.248655730280248463e+03
3.200000000000000067e-02 5.707034172162055256e+03 9.633832904608649187e+03
3.300000000000000155e-02 5.942555843311360150e+03 1.002114985323930159e+04
3.400000000000000244e-02 6.180057551877959668e+03 1.041082502378273057e+04
3.499999999999999639e-02 6.419737332588631034e+03 1.080345222586540149e+04
3.599999999999999728e-02 6.661820567477332588e+03 1.119966745823476049e+04
3.699999999999999817e-02 6.906435888868088114e+03 1.159999285471855001e+04
3.799999999999999906e-02 7.153597182227775193e+03 1.200481824104742554e+04
3.899999999999999994e-02 7.403298553250988334e+03 1.241448903682045784e+04
4.000000000000000083e-02 7.655506056122431801e+03 1.282932151011245514e+04
4.100000000000000172e-02 7.910234782447363614e+03 1.324966400581095513e+04
4.199999999999999567e-02 8.167531292540991672e+03 1.367588890275949416e+04
4.299999999999999656e-02 8.427438701456076160e+03 1.410835988830162751e+04
4.399999999999999745e-02 8.689957970489758736e+03 1.454739596380753574e+04
4.499999999999999833e-02 8.954930679100320049e+03 1.499311486450084703e+04
4.599999999999999922e-02 9.222040277246534970e+03 1.544545904501362747e+04
4.700000000000000011e-02 9.490973308889280815e+03 1.590433976155460005e+04
4.800000000000000100e-02 9.761419825007476902e+03 1.636963920019107172e+04
4.899999999999999495e-02 1.003317859666575168e+04 1.684126376207976864e+04
4.999999999999999584e-02 1.030612707760431113e+04 1.731930963605612487e+04
