5.000000000000000104e-03 3.982077524469098648e+02 5.629452545307821083e+02
6.000000000000000125e-03 5.375518651742730754e+02 7.611399848129150314e+02
7.000000000000000146e-03 6.917792189946230792e+02 9.820959574176686147e+02
8.000000000000000167e-03 8.592136497193712330e+02 1.223698860123009808e+03
9.000000000000001055e-03 1.038299046672083250e+03 1.483918555490050267e+03
1.000000000000000021e-02 1.227619921024195037e+03 1.760853491902657424e+03
1.099999999999999936e-02 1.425901412754243438e+03 2.052744437826025205e+03
1.200000000000000025e-02 1.631966974266917987e+03 2.357928965546431755e+03
1.300000000000000114e-02 1.844738965960137875e+03 2.674848176468174188e+03
1.400000000000000203e-02 2.063263932261073933e+03 3.002092949243072326e+03
1.499999999999999944e-02 2.286633197465765534e+03 3.338296179859416043e+03
1.600000000000000033e-02 2.514023513743345120e+03 3.682197338752913311e+03
1.700000000000000122e-02 2.744711844916861537e+03 4.032672834016281286e+03
1.800000000000000211e-02 2.978048317998403490e+03 4.388701546090022930e+03
1.899999999999999953e-02 3.213442517079285608e+03 4.749351820705430328e+03
2.000000000000000042e-02 3.450376195534604904e+03 5.113801210758771958e+03
2.100000000000000130e-02 3.688392494442854513e+03 5.481327393010098604e+03
2.200000000000000219e-02 3.927114249832307905e+03 5.851341072171234373e+03
2.300000000000000308e-02 4.166258721399705792e+03 6.223414975106059501e+03
2.400000000000000050e-02 4.405582348688849379e+03 6.597194515388843683e+03
2.500000000000000139e-02 4.644864883536229172e+03 6.972380540188833038e+03
2.600000000000000228e-02 4.883893654170581613e+03 7.348699045305816071e+03
2.699999999999999969e-02 5.122508246557459643e+03 7.725974615351748980e+03
2.800000000000000058e-02 5.360737859108692646e+03 8.104353734424666982e+03
2.900000000000000147e-02 5.598672618385193346e+03 8.484096239184740625e+03
3.000000000000000236e-02 5.836397329330311550e+03 8.865465244363505917e+03
3.100000000000000325e-02 6.073938180053170072e+03 9.248655730280248463e+03
3.200000000000000067e-02 6.311302450481793130e+03 9.633832904608649187e+03
3.300000000000000155e-02 6.548487610108895751e+03 1.002114985323930159e+04
3.400000000000000244e-02 6.785528660637150097e+03 1.041082502378273057e+04
3.499999999999999639e-02 7.022674065805982536e+03 1.080345222586540149e+04
3.599999999999999728e-02 7.260207061133064599e+03 1.119966745823476049e+04
3.699999999999999817e-02 7.498329152059109219e+03 1.159999285471855001e+04
3.799999999999999906e-02 7.737149169501218239e+03 1.200481824104742554e+04
3.899999999999999994e-02 7.976762027932320962e+03 1.241448903682045784e+04
4.000000000000000083e-02 8.217230604622331157e+03 1.282932151011245514e+04
4.100000000000000172e-02 8.458654795164286043e+03 1.324966400581095513e+04
4.199999999999999567e-02 8.701152274810841845e+03 1.367588890275949416e+04
4.299999999999999656e-02 8.944835756789776497e+03 1.410835988830162751e+04
4.399999999999999745e-02 9.189774726963520152e+03 1.454739596380753574e+04
4.499999999999999833e-02 9.435915909941735663e+03 1.499311486450084703e+04
4.599999999999999922e-02 9.683078871916241042e+03 1.544545904501362747e+04
4.700000000000000011e-02 9.931090722323613591e+03 1.590433976155460005e+04
4.800000000000000100e-02 1.017978148187629085e+04 1.636963920019107172e+04
4.899999999999999495e-02 1.042901660646944765e+04 1.684126376207976864e+04
4.999999999999999584e-02 1.067857023958854006e+04 1.731930963605612487e+04
