5.000000000000000104e-03 4.283233021519585293e+01 1.191743613714419752e+02
6.000000000000000125e-03 4.427324333718162563e+01 1.257155072272574614e+02
7.000000000000000146e-03 4.557703776074573199e+01 1.313500231368323909e+02
8.000000000000000167e-03 4.679868039923687917e+01 1.363984081164064719e+02
9.000000000000001055e-03 4.795154139067592070e+01 1.409884466367933555e+02
1.000000000000000021e-02 4.907776322004375658e+01 1.452927576032751347e+02
1.099999999999999936e-02 5.017133766952571250e+01 1.493394185223880584e+02
1.200000000000000025e-02 5.125814604512439132e+01 1.532249134672396735e+02
1.300000000000000114e-02 5.233970400931224987e+01 1.569743989969340703e+02
1.400000000000000203e-02 5.341761004502876631e+01 1.606010353491906812e+02
1.499999999999999944e-02 5.450648980040017477e+01 1.641648960153308678e+02
1.600000000000000033e-02 5.561761736759108032e+01 1.677089683242380431e+02
1.700000000000000122e-02 5.675452978348737787e+01 1.712504289155269532e+02
1.800000000000000211e-02 5.792949424028555683e+01 1.748277156015157914e+02
1.899999999999999953e-02 5.913377767847638466e+01 1.784176255893934524e+02
2.000000000000000042e-02 6.037797931034546650e+01 1.820565468762830790e+02
2.100000000000000130e-02 6.167598291347780304e+01 1.857878281449112876e+02
2.200000000000000219e-02 6.303903895285668568e+01 1.896414851935925299e+02
2.300000000000000308e-02 6.444745913444805296e+01 1.935753830670025195e+02
2.400000000000000050e-02 6.593967698656348375e+01 1.976878879381421825e+02
2.500000000000000139e-02 6.750436823792286134e+01 2.019618097647081925e+02
2.600000000000000228e-02 6.915748274076335633e+01 2.064382250884256393e+02
2.699999999999999969e-02 7.090936525004624968e+01 2.111551530017160303e+02
2.800000000000000058e-02 7.276897874899613328e+01 2.161369731786720081e+02
2.900000000000000147e-02 7.475291815586948019e+01 2.214313043526991294e+02
3.000000000000000236e-02 7.687356218303131072e+01 2.270792654681981730e+02
3.100000000000000325e-02 7.914956876454755275e+01 2.331393769874875375e+02
3.200000000000000067e-02 8.160108488910401547e+01 2.396718490348228556e+02
3.300000000000000155e-02 8.424760794456588542e+01 2.467398985418686834e+02
