5.000000000000000104e-03 9.584539886320729840e-01
6.000000000000000125e-03 9.630617052743393192e-01
7.000000000000000146e-03 9.663798728471922894e-01
8.000000000000000167e-03 9.688702282314842762e-01
9.000000000000001055e-03 9.708025785079543724e-01
1.000000000000000021e-02 9.723378262845638886e-01
1.099999999999999936e-02 9.735785625316215608e-01
1.200000000000000025e-02 9.745928660965080814e-01
1.300000000000000114e-02 9.754278355880144913e-01
1.400000000000000203e-02 9.761159799251192259e-01
1.499999999999999944e-02 9.766802402311014486e-01
1.600000000000000033e-02 9.771373446799109797e-01
1.700000000000000122e-02 9.774996133611563165e-01
1.800000000000000211e-02 9.777757398393734922e-01
1.899999999999999953e-02 9.779722579968859186e-01
2.000000000000000042e-02 9.780940426510159602e-01
2.100000000000000130e-02 9.781448636430920551e-01
2.200000000000000219e-02 9.781275327304292944e-01
2.300000000000000308e-02 9.780443313917662751e-01
2.400000000000000050e-02 9.778970269791367187e-01
2.500000000000000139e-02 9.776872900779528530e-01
2.600000000000000228e-02 9.774168423243764225e-01
2.699999999999999969e-02 9.770872614714177784e-01
2.800000000000000058e-02 9.767004764672052586e-01
2.900000000000000147e-02 9.762584143095091038e-01
3.000000000000000236e-02 9.757630943989170635e-01
3.100000000000000325e-02 9.752173071817160643e-01
3.200000000000000067e-02 9.746238737449564038e-01
3.300000000000000155e-02 9.739856444616452613e-01
3.400000000000000244e-02 9.733062695705168021e-01
3.499999999999999639e-02 9.725894506242803716e-01
3.599999999999999728e-02 9.718387555070365780e-01
3.699999999999999817e-02 9.710586126181562916e-01
3.799999999999999906e-02 9.702540834058464014e-01
3.899999999999999994e-02 9.694299576490463810e-01
4.000000000000000083e-02 9.685906523657048517e-01
4.100000000000000172e-02 9.677397941738531406e-01
4.199999999999999567e-02 9.668805659666536156e-01
4.299999999999999656e-02 9.660159629723694685e-01
4.399999999999999745e-02 9.651490384445526871e-01
4.499999999999999833e-02 9.642845466867944193e-01
4.599999999999999922e-02 9.634279978997613014e-01
4.700000000000000011e-02 9.625844211643533876e-01
4.800000000000000100e-02 9.617583846470101339e-01
4.899999999999999495e-02 9.609511289448378069e-01
4.999999999999999584e-02 9.601602930266307512e-01
