5.000000000000000104e-03 1.831735941133458141e+02 3.977981168208032727e+02
6.000000000000000125e-03 2.430297014355753618e+02 5.561874670822826374e+02
7.000000000000000146e-03 3.075112969975994588e+02 7.350304497211969874e+02
8.000000000000000167e-03 3.758486829625279029e+02 9.321021190001155219e+02
9.000000000000001055e-03 4.473433586291899928e+02 1.145311973508710025e+03
1.000000000000000021e-02 5.213883471300013071e+02 1.372668773496075119e+03
1.099999999999999936e-02 5.974602429596253614e+02 1.612301013842382645e+03
1.200000000000000025e-02 6.751046226983837641e+02 1.862432891604101769e+03
1.300000000000000114e-02 7.539306166303931604e+02 2.121386235514577038e+03
1.400000000000000203e-02 8.336303408854895451e+02 2.387609990655418187e+03
1.499999999999999944e-02 9.139464615662845972e+02 2.659601053036883968e+03
1.600000000000000033e-02 9.946848806498690010e+02 2.935956387096652179e+03
1.700000000000000122e-02 1.075714255347006429e+03 3.215396796807003284e+03
1.800000000000000211e-02 1.156962732896140096e+03 3.496741324720356715e+03
1.899999999999999953e-02 1.238401295247972030e+03 3.778899293557688907e+03
2.000000000000000042e-02 1.320040958353642736e+03 4.060887009795416361e+03
2.100000000000000130e-02 1.401924315018461357e+03 4.341822455517521121e+03
2.200000000000000219e-02 1.484127560061824170e+03 4.620953188239217525e+03
2.300000000000000308e-02 1.566754825488900224e+03 4.897679939297074270e+03
2.400000000000000050e-02 1.649919751744325140e+03 5.171490624202540857e+03
2.500000000000000139e-02 1.733721791071154939e+03 5.441939921656793558e+03
2.600000000000000228e-02 1.818241102778839831e+03 5.708646076416108372e+03
2.699999999999999969e-02 1.903552230612749781e+03 5.971323254836748674e+03
2.800000000000000058e-02 1.989759391299234267e+03 6.229980731312050011e+03
2.900000000000000147e-02 2.076963788752673736e+03 6.484750787390182268e+03
3.000000000000000236e-02 2.165231721917132290e+03 6.735780516972303303e+03
3.100000000000000325e-02 2.254564581067669678e+03 6.983229135422151558e+03
3.200000000000000067e-02 2.344938534643491494e+03 7.227265946553602589e+03
3.300000000000000155e-02 2.436300055381247148e+03 7.468061979173624422e+03
3.400000000000000244e-02 2.528574436610937482e+03 7.705900457217274379e+03
3.499999999999999639e-02 2.621743529827444036e+03 7.941373260862595089e+03
3.599999999999999728e-02 2.715794956467771954e+03 8.175100826803347445e+03
3.699999999999999817e-02 2.810658677542382975e+03 8.407670249608783706e+03
3.799999999999999906e-02 2.906215888978548719e+03 8.639641873009422852e+03
3.899999999999999994e-02 3.002354676683426533e+03 8.871549004714986950e+03
4.000000000000000083e-02 3.098957116588303506e+03 9.103898927646243465e+03
4.100000000000000172e-02 3.195939661268750115e+03 9.337172171406591588e+03
4.199999999999999567e-02 3.293234271448528489e+03 9.571826074646140114e+03
4.299999999999999656e-02 3.390779475581586667e+03 9.808309264867079037e+03
4.399999999999999745e-02 3.488498995102398567e+03 1.004705071083532675e+04
4.499999999999999833e-02 3.586235068470750321e+03 1.028844980976780971e+04
4.599999999999999922e-02 3.683785134921342888e+03 1.053289291341320495e+04
4.700000000000000011e-02 3.780966789407029864e+03 1.078075252260312300e+04
4.800000000000000100e-02 3.877578305777701189e+03 1.103238375589599855e+04
4.899999999999999495e-02 3.973514950323702578e+03 1.128798263254138146e+04
4.999999999999999584e-02 4.068877313601575679e+03 1.154754130903049918e+04
