5.000000000000000104e-03 6.928394115927817154e+01 1.188126694520996551e+02
6.000000000000000125e-03 7.207786520225893412e+01 1.253424891016786660e+02
7.000000000000000146e-03 7.456835517295587579e+01 1.309636141538201173e+02
8.000000000000000167e-03 7.687332398615299667e+01 1.359974878176503239e+02
9.000000000000001055e-03 7.902787822390338590e+01 1.405725530096096918e+02
1.000000000000000021e-02 8.110979417924954760e+01 1.448613663205102569e+02
1.099999999999999936e-02 8.311438172308977812e+01 1.488923629400936477e+02
1.200000000000000025e-02 8.508722890733372424e+01 1.527618847127616277e+02
1.300000000000000114e-02 8.703274670489795994e+01 1.564951915434949967e+02
1.400000000000000203e-02 8.895313174230501829e+01 1.601055460298100854e+02
1.499999999999999944e-02 9.087495431530177825e+01 1.636528640032271369e+02
1.600000000000000033e-02 9.281781176504776454e+01 1.671800114661305656e+02
1.700000000000000122e-02 9.478770735053015528e+01 1.707041489275353570e+02
1.800000000000000211e-02 9.680472673959461360e+01 1.742635593515175003e+02
1.899999999999999953e-02 9.885281647302264219e+01 1.778352291964262122e+02
2.000000000000000042e-02 1.009500497630463940e+02 1.814553993503173785e+02
2.100000000000000130e-02 1.031197045191784696e+02 1.851672067157850563e+02
2.200000000000000219e-02 1.053789355720010263e+02 1.890005164842044110e+02
2.300000000000000308e-02 1.076966285560946517e+02 1.929135309771592404e+02
2.400000000000000050e-02 1.101339731174940937e+02 1.970040238378337563e+02
2.500000000000000139e-02 1.126745422887502315e+02 2.012549852535712773e+02
2.600000000000000228e-02 1.153429672184857111e+02 2.057072714110507832e+02
2.699999999999999969e-02 1.181572329582578220e+02 2.103987213236968898e+02
2.800000000000000058e-02 1.211319805624717389e+02 2.153536299753706089e+02
2.900000000000000147e-02 1.242945648779523111e+02 2.206193789102631513e+02
3.000000000000000236e-02 1.276657531229410125e+02 2.262369156252115374e+02
3.100000000000000325e-02 1.312763361945925453e+02 2.322644770912794172e+02
3.200000000000000067e-02 1.351594057338311927e+02 2.387620048532505734e+02
3.300000000000000155e-02 1.393483449228142774e+02 2.457924820641203780e+02
