5.000000000000000104e-03 8.943833701608805420e-01
6.000000000000000125e-03 9.047676359157224013e-01
7.000000000000000146e-03 9.122838766014336187e-01
8.000000000000000167e-03 9.178994402174196487e-01
9.000000000000001055e-03 9.221991481863693885e-01
1.000000000000000021e-02 9.255411956051124989e-01
1.099999999999999936e-02 9.281589664972703657e-01
1.200000000000000025e-02 9.302113633041326768e-01
1.300000000000000114e-02 9.318103117170848382e-01
1.400000000000000203e-02 9.330351279589358393e-01
1.499999999999999944e-02 9.339437293116744643e-01
1.600000000000000033e-02 9.345794853340932962e-01
1.700000000000000122e-02 9.349753375198415206e-01
1.800000000000000211e-02 9.351561786543652888e-01
1.899999999999999953e-02 9.351415335708369581e-01
2.000000000000000042e-02 9.349469412931373791e-01
2.100000000000000130e-02 9.345850582950682162e-01
2.200000000000000219e-02 9.340662866753105531e-01
2.300000000000000308e-02 9.333995521583776656e-01
2.400000000000000050e-02 9.325926584109047734e-01
2.500000000000000139e-02 9.316527023448416545e-01
2.600000000000000228e-02 9.305869160017307129e-01
2.699999999999999969e-02 9.294017681062672898e-01
2.800000000000000058e-02 9.281044132910548639e-01
2.900000000000000147e-02 9.267019806119647374e-01
3.000000000000000236e-02 9.252013866962917055e-01
3.100000000000000325e-02 9.236111575613997760e-01
3.200000000000000067e-02 9.219397512975865405e-01
3.300000000000000155e-02 9.201952613774685430e-01
3.400000000000000244e-02 9.183872259955567774e-01
3.499999999999999639e-02 9.165252881764712756e-01
3.599999999999999728e-02 9.146183548767610194e-01
3.699999999999999817e-02 9.126767845335116425e-01
3.799999999999999906e-02 9.107124080823219003e-01
3.899999999999999994e-02 9.087361569683648499e-01
4.000000000000000083e-02 9.067578743929439744e-01
4.100000000000000172e-02 9.047851613214011879e-01
4.199999999999999567e-02 9.028241186774478289e-01
4.299999999999999656e-02 9.008803082065415246e-01
4.399999999999999745e-02 8.989593030239411142e-01
4.499999999999999833e-02 8.970698863037052107e-01
4.599999999999999922e-02 8.952227376009972426e-01
4.700000000000000011e-02 8.934275087325577180e-01
4.800000000000000100e-02 8.916927684120165010e-01
4.899999999999999495e-02 8.900205632861477589e-01
4.999999999999999584e-02 8.884043086390963628e-01
