5.000000000000000104e-03 2.703223069581809455e+02 3.962967775219400437e+02
6.000000000000000125e-03 3.646880711763531053e+02 5.543242602865929030e+02
7.000000000000000146e-03 4.676686827537943714e+02 7.327843971329303940e+02
8.000000000000000167e-03 5.780584120411200502e+02 9.294512365631636612e+02
9.000000000000001055e-03 6.947999105599657241e+02 1.142233728402972474e+03
1.000000000000000021e-02 8.169757429384201259e+02 1.369139817553856801e+03
1.099999999999999936e-02 9.437949771747180421e+02 1.608296978225890143e+03
1.200000000000000025e-02 1.074554977346626401e+03 1.857928376790478751e+03
1.300000000000000114e-02 1.208635734837124119e+03 2.116354757682742274e+03
1.400000000000000203e-02 1.345515261701621284e+03 2.382023775677660069e+03
1.499999999999999944e-02 1.484713880686609400e+03 2.653431090420667715e+03
1.600000000000000033e-02 1.625817363073903152e+03 2.929172370838918596e+03
1.700000000000000122e-02 1.768481377782819891e+03 3.207967006320193377e+03
1.800000000000000211e-02 1.912413726885254846e+03 3.488632586343572257e+03
1.899999999999999953e-02 2.057359550124157522e+03 3.770076987964680939e+03
2.000000000000000042e-02 2.203105581217096187e+03 4.051315051781747570e+03
2.100000000000000130e-02 2.349469805639804235e+03 4.331463308107346165e+03
2.200000000000000219e-02 2.496309713444738009e+03 4.609767831298691817e+03
2.300000000000000308e-02 2.643526439597799254e+03 4.885627789094899526e+03
2.400000000000000050e-02 2.791030583946597744e+03 5.158529665205242964e+03
2.500000000000000139e-02 2.938728124042193940e+03 5.428026809525149474e+03
2.600000000000000228e-02 3.086508486593423640e+03 5.693736487254863277e+03
2.699999999999999969e-02 3.234276317964901864e+03 5.955371860947190726e+03
2.800000000000000058e-02 3.382026712828135260e+03 6.212940957633119069e+03
2.900000000000000147e-02 3.529772379502892818e+03 6.466574899267592627e+03
3.000000000000000236e-02 3.677511140091646212e+03 6.716419725015761287e+03
3.100000000000000325e-02 3.825180196211781549e+03 6.962634325105043899e+03
3.200000000000000067e-02 3.972698740609864672e+03 7.205388040586992247e+03
3.300000000000000155e-02 4.119975428439740426e+03 7.444852063386181726e+03
3.400000000000000244e-02 4.266928802401314897e+03 7.681310206314003153e+03
3.499999999999999639e-02 4.413604432312559766e+03 7.915354332008045276e+03
3.599999999999999728e-02 4.560072805698230695e+03 8.147604735688691107e+03
3.699999999999999817e-02 4.706352555567251329e+03 8.378649102478049826e+03
3.799999999999999906e-02 4.852406342473113000e+03 8.609049326272017424e+03
3.899999999999999994e-02 4.998206732981153436e+03 8.839340422855961151e+03
4.000000000000000083e-02 5.143716812224505702e+03 9.070031411651194503e+03
4.100000000000000172e-02 5.288941634644031183e+03 9.301604023941705236e+03
4.199999999999999567e-02 5.433910542865290154e+03 9.534516370740338971e+03
4.299999999999999656e-02 5.578657128921715412e+03 9.769217851733410498e+03
4.399999999999999745e-02 5.723192696979042012e+03 1.000613843539156551e+04
4.499999999999999833e-02 5.867448804736913189e+03 1.024568007949816820e+04
4.599999999999999922e-02 6.011289381208148370e+03 1.048823317123475863e+04
4.700000000000000011e-02 6.154594196867559731e+03 1.073417440457058001e+04
4.800000000000000100e-02 6.297247782483344963e+03 1.098386319745517358e+04
4.899999999999999495e-02 6.439057274949914245e+03 1.123749820203279523e+04
4.999999999999999584e-02 6.580114555717892472e+03 1.149507062904502527e+04
