5.000000000000000104e-03 1.068123079909621964e+02 1.583405018460267684e+02
6.000000000000000125e-03 1.115723050724894563e+02 1.661122653858399190e+02
7.000000000000000146e-03 1.158511961569424074e+02 1.731529902409085651e+02
8.000000000000000167e-03 1.198207599264174519e+02 1.797169978670178523e+02
9.000000000000001055e-03 1.235312178197465158e+02 1.858744902828591705e+02
1.000000000000000021e-02 1.271041368051391487e+02 1.918121223476686907e+02
1.099999999999999936e-02 1.305339665535340714e+02 1.975198444543406708e+02
1.200000000000000025e-02 1.338934707281446492e+02 2.031113925682858792e+02
1.300000000000000114e-02 1.371912647653679755e+02 2.086000182771535094e+02
1.400000000000000203e-02 1.404301566101684102e+02 2.139875750892815063e+02
1.499999999999999944e-02 1.436560976849308418e+02 2.193502943648981898e+02
1.600000000000000033e-02 1.469026178619645009e+02 2.247438261268892745e+02
1.700000000000000122e-02 1.501806140467123214e+02 2.301862830600397558e+02
1.800000000000000211e-02 1.535235029705151533e+02 2.357330536517830524e+02
1.899999999999999953e-02 1.569048650256177666e+02 2.413390306716820533e+02
2.000000000000000042e-02 1.603556793530034952e+02 2.470561940468870432e+02
2.100000000000000130e-02 1.639153437956305481e+02 2.529510169768465460e+02
2.200000000000000219e-02 1.676120157721388750e+02 2.590705944050191647e+02
2.300000000000000308e-02 1.713965047792418943e+02 2.653314501590123768e+02
2.400000000000000050e-02 1.753687006337555090e+02 2.719021669799979009e+02
2.500000000000000139e-02 1.795039061273137690e+02 2.787407794977528397e+02
2.600000000000000228e-02 1.838422349256596533e+02 2.859140858925418343e+02
2.699999999999999969e-02 1.884145813978507533e+02 2.934741574103389326e+02
2.800000000000000058e-02 1.932454410277462955e+02 3.014610780865911011e+02
2.900000000000000147e-02 1.983804485366379424e+02 3.099513879720044542e+02
3.000000000000000236e-02 2.038542729003886507e+02 3.190019093133392403e+02
3.100000000000000325e-02 2.097179401385789106e+02 3.286972483006433663e+02
3.200000000000000067e-02 2.160260020794887339e+02 3.391270625924923365e+02
3.300000000000000155e-02 2.228336369980261793e+02 3.503806470128853903e+02
